
310318446


310317987


310322722


310318446


310322647


310322722


310318072


310322647


310322645


310318072


310318191


310322645


310318145


310318191


266258996


31561819


266258997


266258996


266258998


266258997


266258999


266258998


266259000


266258999


266259001


266259000


266259002


266259001


266259003


266259002


266259004


266259003


375035199


266259004


631483583


47780796


748768912


31561818


310322762


1930164684


1930178427


1930178428


750366101


748767981


1930126715


3991484585


374948000


280899095


310322179


310317987


748767304


266258059


266258058


31561818


266258059


310324916


280899079


310322771


310324916


310324495


310322771


1930164684


310324495


310322749


1930164684


310322745


310322749


310317987


310322745


266258075


266258059


266259211


266258996


266259407


266259000


266259001


266259094


266259003


266259143


280899079


310300155


310298256


310298257


310300155


750364256


310300120


310299771


750364256


310299772


310299771


310300010


310299980


310300155


310300237


310300219


750364256


310300213


310300219


310300237


310300219


310300284


310299771


838772130


266258997


310322378


310317987


3991484583


838772130


310321133


310322378


310324840


310321133


310322333


310324840


310322305


310322333


841796821


310322305


841796768


841796821


3991484589


841796768


3991484583


3991484589


2174315330


310318072


310318209


310318191


310318437


310318446


310321133


310322355


310322325


310322305


310322333


310322344


310322344


310322352


310322354


310322344


310322378


310322364


310322646


310322645


310322721


310322647


310322733


310322722


310322747


310322745


310322802


310322771


310323745


310322802


748764780


310323745


310322776


748764780


374947728


310322776


374947767


310322802


310323752


310323745


310324313


310322749


310324314


310324313


310324336


310324313


310324314


310324402


310324405


310324314


310324408


310324405


310324486


310324408


310325121


310324486


310324489


310325121


310324527


310324405


310324495


310324527


310324790


310324408


266259000


310324790


310324840


310324790


310324892


266258999


310325262


310324916


310324486


310325262


310324950


310324486


310325059


310324950


266259002


310325059


310325045


310324950


310325080


310325059


1930178427


280899079


310325263


1930178427


310325121


310325263


266259004


310325121


310325262


310324527


310325263


310325262


3945827966


310325263


266258998


266259437


750365949


748767994


374947728


374947767


374947804


748768813


374948000


748767975


3991484586


3922312760


31561819


631483581


631483603


631483583


631483594


631483598


631483594


631483581


631483598


631483588


631483581


631483603


631483588


631483578


631483603


631483594


631483578


748752911


310324402


748764785


748764780


748764779


748764785


748764786


748764785


748767981


748767975


748767994


748768863


748768813


750366101


838772232


838772130


841796821


841796768


