ITERATION	avg. EXECUTED	avg. WORST	avg. AVG	avg. BEST
0	5.568885235038585	5.568885235038585	5.568885235038585	5.568885235038585
1	7.50280755278281	6.519109298215228	7.029645322373898	7.540181346532565
2	8.431596060340267	6.665740571668422	7.597643658020258	8.511044952240947
3	9.446090907949957	7.1441747417309305	8.341438764362533	9.491722720412785
4	10.151929771941829	7.365921992537466	8.84400147697038	10.225079485350035
5	10.960478119869162	7.8061773725568955	9.501827187917685	11.039788997919167
6	11.2220139783146	7.8169365377174005	9.687385559950435	11.381422067529906
7	11.636630887738107	7.932744479316016	9.950331661100403	11.727940833556508
8	12.035975216227293	8.135214292990787	10.283205884187506	12.144521195866263
9	12.144988546459626	8.097726064944386	10.371706079052426	12.291779043824183
10	12.420425579326363	8.199682261776747	10.587641071932005	12.547369376840598
11	12.498827964766889	8.140594573705405	10.659015741696582	12.645157502530498
12	12.576851349448456	8.197184495193865	10.755207538605696	12.75509738718537
13	12.526622009967841	8.212775203237365	10.79101131032222	12.757222803110112
14	12.729543958217313	8.182497020307673	10.849271868812204	12.856519881038599
15	12.66000367144684	8.189299675281784	10.858464980719258	12.843347445779813
16	12.885597544571413	8.246982469183331	11.000635914558213	13.01420518701601
17	12.842742640534741	8.221307175468468	11.024955334900875	13.00502990801228
18	12.874798328173195	8.246019367209374	11.08323074321424	13.05989176386451
19	13.0858436112294	8.227777550210586	11.162541806113394	13.221282660859357
20	12.911954941181344	8.197053609406279	11.107567378762736	13.109888944462352
21	12.969904957989636	8.149282641914539	11.119433732600768	13.12643570265332
22	13.033081331979616	8.15272742721496	11.170446774648118	13.175088917569214
23	13.097811185663616	8.128052348720322	11.191177973734055	13.248687975014256
24	12.875569878651019	8.057661770636264	11.15897331888648	13.234045205793073
25	13.017423078329323	8.010149027716547	11.143920621080518	13.279179254117423
26	13.005551992415656	7.98206842233889	11.118501779102022	13.18045838778768
27	13.132565476223421	7.983790287649327	11.182469363737276	13.33601279579324
28	13.078893797225934	7.942952505397427	11.152339792062987	13.281700474037526
29	13.201927447591293	7.917555402507074	11.177610843806143	13.350958616217019
30	13.076341930480254	7.906389400100893	11.178728950643789	13.34386899060091
31	13.203836237988599	7.890815894623451	11.183755412237227	13.36980290009585
32	13.118778330799918	7.893264260718592	11.190746559430194	13.360078676186987
33	13.16106206906858	7.869548427068928	11.200713690105708	13.42793671002697
34	13.226673849133023	7.871866304335594	11.22067936449477	13.428803325932595
35	13.189806670316457	7.849275642124162	11.207969112337238	13.383792492070917
36	13.188501450447808	7.8050401836224506	11.209832187837767	13.412351943145989
37	13.21019760214746	7.793731156478363	11.199683008040797	13.385375355393286
38	13.181831737878086	7.777447515268581	11.214624640671643	13.43005205106733
39	13.085123387319243	7.763857498888657	11.182735904155729	13.354274718881408
40	13.157666139488047	7.752454753045449	11.196251000190683	13.404675501244075
41	13.113682046642761	7.750289171886744	11.178781330784915	13.352453188870287
42	13.256934651461188	7.745898866320831	11.203910206038234	13.461117419151906
43	13.255056889947834	7.739941289747745	11.203909375839766	13.445050641032585
44	13.334459119993582	7.741000798135554	11.240891501453294	13.56602053109924
45	13.218799846477273	7.732025386608681	11.211458920223265	13.438697813235715
46	13.201528962653045	7.717008911412236	11.208315201537081	13.468442154406505
47	13.251930560721597	7.714154031247692	11.209173300621021	13.44766905618485
48	13.368523544767188	7.714154031247692	11.235610777238557	13.519532580878739
49	13.323564370516502	7.69568008793711	11.230064651555052	13.525873029552779
50	13.215266752004977	7.68779823792838	11.218646337911208	13.44608845113289
51	13.262426119751177	7.6874768749943465	11.226001586434707	13.496656931554341
52	13.200316879941841	7.670958275590154	11.205789691573665	13.409475778410656
53	13.259609948453344	7.670580369490679	11.21689534196136	13.446540822405101
54	13.253233653815128	7.663716290950841	11.227658016570262	13.48390380778261
55	13.301728722327397	7.647276727522488	11.23839338193549	13.609295279635441
56	13.194429931875185	7.642793353102937	11.193933767875981	13.378860799512237
57	13.21012876332965	7.629889051426974	11.202585235125248	13.461388857082795
58	13.24531914105248	7.627308300447054	11.19476506900934	13.40285807973086
59	13.328545797519798	7.626923631992051	11.20768259948061	13.467622188324556
60	13.28420054816872	7.620899810638024	11.213213709014205	13.493776143970017
61	13.25145979746025	7.608149406376634	11.226086073635601	13.56150444838928
62	13.25500783031501	7.604603761663856	11.214094980456006	13.478181342918608
63	13.401355976183257	7.602860717679418	11.244474857893877	13.639542255425743
64	13.249322976887814	7.584877317375494	11.210411994253558	13.458271331709566
65	13.257965029833564	7.5412036483607565	11.223917620959883	13.572442863244717
66	13.339943334635318	7.534918153080668	11.228448415600942	13.618277630492855
67	13.330105038897415	7.5347875406409335	11.223285607141968	13.580208186164546
68	13.338995850066675	7.5347875406409335	11.236807720179819	13.65455160844572
69	13.341887005878935	7.534759288376775	11.229305602957666	13.574076988477856
70	13.377739295623792	7.534032048903851	11.240931380900198	13.59232330911751
71	13.32219589616649	7.529671012853515	11.234286829810241	13.53113091210035
72	13.347282497931904	7.521553388831678	11.239074762110915	13.545766463912267
73	13.304241550177172	7.5158264264133265	11.23276124636996	13.547826520099184
74	13.27610025684057	7.509634008488836	11.22252184522086	13.502101723083417
75	13.330266806909892	7.507385771364608	11.240686137144499	13.641203705293062
76	13.370755299852313	7.50464962026132	11.2338499981083	13.569973861230618
77	13.329420894644725	7.50464962026132	11.229280399361066	13.514481803281738
78	13.420184247685475	7.50464962026132	11.244373719142558	13.593437633881795
79	13.34045171986156	7.503075254316936	11.241731189033292	13.524869687990492
80	13.352640259664827	7.503075254316936	11.25304392825303	13.590042530771383
81	13.370926126166134	7.5029200798914175	11.248890890875932	13.564204857768164
82	13.405739306095004	7.5029200798914175	11.25600564833772	13.58129810128924
83	13.241262616692419	7.497306636768754	11.243816791869358	13.543885656275384
84	13.286669814585238	7.495738937821235	11.237701419236847	13.519960116686725
85	13.30742023945781	7.489605322094578	11.246585681014105	13.560472062469172
86	13.484792394178884	7.4890054965715835	11.263247964369292	13.669345959524673
87	13.289086497019824	7.487921832343484	11.247159006707728	13.553810855185574
88	13.395924791162688	7.487921832343484	11.25522950863182	13.617325568629314
89	13.375427420993116	7.470778859927456	11.256706917917636	13.657285469625064
90	13.345017483593226	7.470778859927456	11.25158485131493	13.619072844333505
91	13.3098686359708	7.4701006999353154	11.241929851580318	13.548223531462808
92	13.396311758248144	7.4701006999353154	11.250593479176759	13.620498856440655
93	13.343629989756327	7.469130171935867	11.246555113941076	13.605436081530332
94	13.461052603056375	7.469130171935867	11.25897747616516	13.680825437974043
95	13.322038525964443	7.463794164603704	11.247183010811863	13.61740491882741
96	13.359948246248873	7.462872392077513	11.245142111551703	13.55160832071444
97	13.344294185652608	7.462699340618849	11.242566071012154	13.527024780376351
98	13.349663599689844	7.461562644178734	11.246378661318063	13.527434289065873
99	13.309175429010402	7.4613366665794265	11.244554006010901	13.521440783117
100	13.379401498269347	7.4599562401437565	11.253726886632416	13.614979958686186
