ITERATION	avg. EXECUTED	avg. WORST	avg. AVG	avg. BEST
0	5.845297185110104	5.845297185110104	5.845297185110104	5.845297185110104
1	6.549741810406805	6.343904810409452	6.484250734327079	6.624596658244707
2	6.95570122368402	6.4723851289860646	6.7644539394055165	7.057148212132228
3	7.2461572127512754	6.5043105455101715	6.897230063904779	7.29649306249265
4	7.70816361927699	6.672711832134657	7.208975899507781	7.741178427311689
5	8.050767409022393	6.902175863159781	7.514763211600712	8.12773227751151
6	8.529733027205708	7.056549690461346	7.820635898937186	8.590308069588989
7	8.60632864646484	6.981656011625632	7.813142280048508	8.639445056523671
8	9.027765163248393	7.202968573807558	8.143853387794417	9.078090844177503
9	9.264969403480734	7.306388949596324	8.35499331171132	9.387598869337266
10	9.300095390753969	7.18829103853776	8.304401206731642	9.364160066866633
11	9.771195207611523	7.419786124871831	8.666577225141483	9.856198469696961
12	9.983498019607762	7.400558167157921	8.776451386651342	10.087139099263121
13	10.275087422979958	7.468246034264696	8.949607541675855	10.37101451509398
14	10.498952140700915	7.498387880914644	9.064188080960212	10.562452121546585
15	10.708820733288517	7.523020284103748	9.185712591658877	10.761282821879888
16	10.790910065274014	7.508937670491583	9.227858303191953	10.852406917313528
17	11.022366738833224	7.558123258087947	9.35903445493502	11.055082614067548
18	11.210987395980265	7.662418622350684	9.510956841565713	11.240028576975787
19	11.228435206526537	7.669282247443056	9.549068122953718	11.287385726080588
20	11.382075488715916	7.693967004222427	9.653954507474106	11.470569780788786
21	11.509166565793162	7.736618731930048	9.740515214040332	11.58449993119949
22	11.739645707790494	7.773227607129543	9.874619753406867	11.798003954468571
23	11.797817697539744	7.756338545587781	9.891653746506314	11.83305060675209
24	11.809466318853556	7.770948181360423	9.925305595866131	11.872215367438578
25	12.024965073622555	7.823526328637583	10.051477556123432	12.07442218693457
26	11.981780464542986	7.786999532869275	10.025404679550395	12.051455719325158
27	12.124207368153144	7.839238683870197	10.133658231211914	12.197845634569727
28	12.265300543979185	7.871605515084752	10.2115879700341	12.328753945237004
29	12.22350040828453	7.846230780025807	10.19670216211704	12.333745160842852
30	12.365495062133794	7.8589793796534595	10.27150955660492	12.489768549570886
31	12.334832893805856	7.812590129214782	10.206385491589167	12.378765875370252
32	12.440261405808398	7.814037220259588	10.283939603311008	12.536960914952811
33	12.393956595623164	7.796326493047442	10.282904829779929	12.539049101905855
34	12.39502387124645	7.76196172571714	10.259880015855158	12.508842983211165
35	12.491090004181443	7.7424820611968554	10.27616850108682	12.544522467970983
36	12.443766227948826	7.727625144492267	10.276442864259856	12.547710798587358
37	12.41787401856354	7.710318032911892	10.237388101088161	12.48829322937916
38	12.56040653384687	7.707856853564597	10.30025505543231	12.619312081666617
39	12.530087054859665	7.719058400028053	10.308238298454539	12.612005333572393
40	12.632903757781646	7.7391723220294635	10.37596459645786	12.73340038477683
41	12.504483400330509	7.692775429373583	10.30733158993832	12.625142243281195
42	12.701471464754098	7.732717850062078	10.416358288522392	12.815704774149735
43	12.805373837636154	7.731099918652722	10.466543029970891	12.929098904319721
44	12.805672883144503	7.7084169900182395	10.458188424383279	12.908326174491386
45	12.824626411704816	7.692932023398344	10.455948274637754	12.899899930137154
46	12.796173514972075	7.706016130449752	10.480504518576574	12.919827030769076
47	12.888493640624306	7.686532386855917	10.509875203107816	12.999878390926122
48	12.921400677799133	7.631270495348064	10.487030997871083	13.017127867765481
49	13.005828783274657	7.6407575646891495	10.52234877384782	13.055883257677467
50	12.96371461528532	7.600841331555309	10.513967432632572	13.05784372526505
51	12.86692916295053	7.598095861942441	10.479828910954039	12.95729512131163
52	12.938776282921504	7.595202500886028	10.517906096247817	13.016849359972268
53	12.911907627194926	7.580441746178786	10.495296806386953	12.963333602939889
54	12.989268884224714	7.60719092948777	10.577176279524883	13.156789299976797
55	12.943454658888063	7.595462588547067	10.55241196573606	13.093391300535037
56	12.963984368356938	7.5728241833030205	10.529723655115042	13.066318833387278
57	13.002468585604818	7.58664549208954	10.552085187193272	13.086919428114719
58	13.075086124486425	7.556379735520091	10.565508967274026	13.143660858980686
59	13.07793281225594	7.563624493439514	10.580185038905096	13.160345493725133
60	13.1225438651984	7.566314245384538	10.611378646272078	13.210007492438852
61	13.05557640242616	7.555786943073351	10.606376211890304	13.17321590364916
62	13.089145640909413	7.55356537315848	10.631901599252222	13.230938691560608
63	13.081186577402383	7.5504720750773355	10.654993749700996	13.270268115615245
64	13.161126195650152	7.547425146679227	10.660065291193613	13.291086861368852
65	13.174233520274065	7.530630348825392	10.65359100697531	13.274751627113691
66	13.170350216854587	7.522086491687622	10.66744597527696	13.291680865014172
67	12.966083583433846	7.497913853264811	10.60401624648394	13.167604740247917
68	13.272536803797312	7.503193218930885	10.664384095883019	13.335875090092914
69	13.094104109518192	7.501560689777221	10.633379446555567	13.217260824087566
70	13.166553963198803	7.4910890615325565	10.655846228448825	13.29494585231023
71	13.138690773788786	7.47005523805374	10.627384675095168	13.282558947805857
72	13.160788422004321	7.458319014065804	10.630792704319669	13.329411206615053
73	13.127338039041145	7.454469348075711	10.59682572804409	13.21625139268713
74	13.194677612476271	7.446297540371926	10.618365251406173	13.285713532018555
75	13.246013506610263	7.444441456177644	10.642510464185452	13.38130242516415
76	13.195535304802105	7.43114283831552	10.641366798096023	13.38038690050896
77	13.20652132742159	7.429481774158401	10.625993214818664	13.344869356562803
78	13.110419475194288	7.41412515739747	10.60184804616714	13.273873886086898
79	13.188105427264873	7.414685696897088	10.613729741140398	13.31245254232336
80	13.245387838678877	7.412333074196706	10.633565602449854	13.380328146411905
81	13.193977847693166	7.430875432462048	10.640872802418986	13.32060279846482
82	13.315929648510734	7.424896145918898	10.659550224198952	13.439151791802148
83	13.2046228480409	7.421908354967351	10.639508760303373	13.347586375994753
84	13.214079078859676	7.414212340995922	10.637260606718556	13.336555334294891
85	13.205805228084351	7.406310673402857	10.637771615919993	13.38800709872779
86	13.238498209850968	7.401740730265635	10.63740700950251	13.384021482973523
87	13.262619022239685	7.418547459606009	10.651017238977767	13.343879962942301
88	13.157569792074282	7.410196858427349	10.641595110124916	13.32502462267145
89	13.293197650411742	7.405492278553156	10.65463175343921	13.398549036636789
90	13.268415962099034	7.409674390657596	10.663974983858735	13.36621645868086
91	13.207264795575776	7.405069272630764	10.647655932243518	13.294966060102464
92	13.236676350439192	7.4076810588610185	10.662228466256947	13.353668720249246
93	13.24098833561288	7.3837040783827526	10.663125018640036	13.370257529146695
94	13.2874076241153	7.385224191509958	10.6804967220573	13.43749973869387
95	13.380702763766976	7.38031008654686	10.681344288561915	13.470277881768567
96	13.333912454807743	7.377962745186166	10.667202072007244	13.41187099496964
97	13.344299428343955	7.3786364050014495	10.681735546256137	13.467447631754316
98	13.286184361554524	7.376830580795048	10.666018522038575	13.38657290578517
99	13.31129748933053	7.376621427441955	10.669057063645333	13.390743647787874
100	13.30646053638208	7.382573468021488	10.682560988195002	13.409187960904221
