ITERATION	avg. EXECUTED	avg. WORST	avg. AVG	avg. BEST
0	5.5639461324546335	5.5639461324546335	5.5639461324546335	5.5639461324546335
1	7.461507020366196	6.498197514619466	7.003532860219467	7.508868205819463
2	8.733965225386635	6.941048877205045	7.883689465754057	8.806149455306151
3	9.175552591636858	6.990419078531238	8.138110150838878	9.240858548469207
4	10.178624460394232	7.436308893985236	8.88775394816361	10.243776305067977
5	10.909905239920882	7.818879683671838	9.482203168482954	10.989061215123758
6	11.380832130821691	7.909362028143837	9.802891524372129	11.522342518203104
7	11.452261085851742	7.9583175141402975	9.893244397863795	11.601467190708535
8	11.873925287600215	8.0167013042663	10.12738041819058	11.961672110109209
9	11.93628857556638	8.068376785998316	10.264271247425404	12.114957487081233
10	12.106002879715637	8.130572705661548	10.439003262027164	12.353155604222001
11	12.41836788052364	8.10146867977143	10.570848519886647	12.56597064272272
12	12.571034535692105	8.133724423355721	10.680460564294725	12.73044053142762
13	12.512654251622012	7.960771641120892	10.589690161818845	12.675943374144516
14	12.788060714160443	8.129927428652614	10.817363839128625	12.896536814828162
15	12.902570342205811	8.144317687932501	10.917421641608092	13.039591534929684
16	12.61550346101924	8.166631559976421	10.861871766016304	12.854585021237227
17	12.858393082057646	8.06278787415491	10.892585855282094	12.98712184052689
18	12.988069661448511	8.165716127216095	11.041248562905135	13.122378796656934
19	12.816683657901118	8.157751064749045	11.02224553461104	13.034768383140264
20	13.05815239496627	8.108086222785207	11.075965253850361	13.195160324756223
21	12.848962284057274	8.054872510597884	11.02530157528441	13.08245215076226
22	12.990857535460929	8.055588210541716	11.089610582244937	13.154090961134349
23	12.943580064417759	8.04130572947805	11.072591155198905	13.125326079339985
24	13.001025262101013	8.025668660553588	11.117730808587758	13.255541406737182
25	12.998814154209683	7.984852607548076	11.089354686786708	13.199895329284809
26	13.05352104721107	7.977128907345094	11.12365209982713	13.253721318024704
27	13.155408463993188	7.9595046266574645	11.159824240594974	13.349258643066062
28	13.0665914631049	7.946843520268372	11.137937709582538	13.258015961219188
29	13.017977399817125	7.897916843832763	11.106254529550196	13.21160952462845
30	13.180075359588303	7.9201285050886305	11.169751252334533	13.342542954981928
31	12.968049381703114	7.8734403983329155	11.103126330285308	13.228181535358392
32	13.206279614064782	7.877508347483652	11.169473264190572	13.375289646486149
33	12.996842932412797	7.85479247345981	11.134789539594816	13.30761170215101
34	13.198970113449379	7.851208480133787	11.171769917725559	13.36519815795774
35	13.089078631678827	7.833944146431265	11.165063977827819	13.353458592559239
36	13.030366209541295	7.788348406088436	11.14022205506935	13.346987413881633
37	13.117549632841579	7.77729072865903	11.132639430583056	13.334913972300972
38	13.110124379901729	7.754790342974669	11.140837906486142	13.385603677119207
39	13.079979498088528	7.735084694078123	11.114302558811609	13.339611781085923
40	13.03941578775708	7.723452852230197	11.105563041138788	13.336658205451005
41	13.064562496506127	7.716343459999263	11.086431153965357	13.277672671395925
42	13.13545796635115	7.709738289986435	11.113711441112484	13.374905325891316
43	13.071068601510508	7.69369803174853	11.096258863879518	13.321677063075885
44	13.205379755158921	7.696805466140997	11.131248920452636	13.430761467642098
45	13.173668347929665	7.6848633991888216	11.11610265233423	13.399034676523375
46	13.170391371704124	7.681506498564774	11.115660543043324	13.392149689079899
47	13.244448723484783	7.673102375236015	11.121628388348556	13.466343759484468
48	13.264863085696263	7.672590580440631	11.131155171860351	13.45812461590222
49	13.137259343371548	7.6337774364825774	11.112181795298145	13.443631245314318
50	13.222035117215102	7.618022749852633	11.119043816274186	13.480665754471314
51	13.259665776204985	7.615432222737451	11.119102738098642	13.475600033417457
52	13.238518756046902	7.6112556430974925	11.116597592496554	13.400683599909108
53	13.277192616369797	7.609974700931529	11.128780082185276	13.455525299305355
54	13.314164624711633	7.607038677720884	11.144134434966308	13.509301433107552
55	13.28875339382251	7.603254847819982	11.148644042155242	13.52616119684136
56	13.13105617109927	7.600820167747024	11.11110547414142	13.354942887631616
57	13.278052733305037	7.589138748528111	11.135157320389938	13.499968450901186
58	13.378694416828948	7.5885736990357735	11.139964231500596	13.523763370640886
59	13.353371485579915	7.586663356095044	11.141516413457595	13.50398678476336
60	13.279060368730716	7.584485317551858	11.149061513031079	13.520182992538148
61	13.215261319776602	7.544159164795772	11.149647421558308	13.599614726367054
62	13.251244832860882	7.541258164641747	11.128762258498499	13.493442748605949
63	13.53249152415869	7.541258164641747	11.178164436678735	13.703438509640657
64	13.179905620265428	7.533395421306688	11.118080493060205	13.408056660721341
65	13.272234138677717	7.527581566002833	11.143903760751819	13.47046530856441
66	13.349263432759487	7.524574436081229	11.163015536766158	13.572541307085755
67	13.26727929706543	7.524574436081229	11.154166328988044	13.482070453552744
68	13.192817414460249	7.52288329774985	11.155943279730025	13.478616999132072
69	13.343835547093919	7.521793699925338	11.172452797865526	13.531844122987813
70	13.221655812960057	7.519219670243577	11.168592239004242	13.459049701530864
71	13.291949261775432	7.5140306481765196	11.175389775292043	13.451497365114042
72	13.251383271030967	7.513970631068442	11.181173049880034	13.421830314235295
73	13.273208875204011	7.5099634088330705	11.188094429495479	13.491560993060466
74	13.26488495517069	7.506417811140319	11.183914048709182	13.470356124544532
75	13.37341328086786	7.505172202189087	11.206657558567061	13.62470441074532
76	13.226654408892642	7.501766170455363	11.18506182001187	13.45669747169071
77	13.261357362020204	7.4983845277502335	11.184855214161546	13.4530614719666
78	13.229840777760739	7.493781015347476	11.184730865155185	13.474818829905676
79	13.2147702459494	7.4891309146471565	11.18086894037269	13.437357979607908
80	13.274077848221122	7.488724965787701	11.190455982155699	13.506950032926126
81	13.26520497553134	7.486985087536409	11.187049685383041	13.465656842388224
82	13.338730808022843	7.48631044961468	11.19639175660461	13.535953997561487
83	13.328789672570121	7.483197064198458	11.198933556812996	13.558005321746318
84	13.291128590563765	7.481591108454287	11.193606952646704	13.519995011348161
85	13.309755870320267	7.481591108454287	11.198478217075497	13.503888565756839
86	13.307800396442934	7.481287966952254	11.20564655967774	13.505630995172696
87	13.339315983445553	7.481287966952254	11.213097156934957	13.547782454210603
88	13.202793569823221	7.479924382621117	11.19973874932764	13.507096052778884
89	13.37693814344298	7.479924382621117	11.211430348526745	13.55131878357393
90	13.396311481366492	7.479924382621117	11.220355489900307	13.631334566011159
91	13.299212896881302	7.479670256425263	11.210181039726505	13.523264745865228
92	13.383700201895527	7.479592647234283	11.219968312808103	13.60786476976896
93	13.294626442935987	7.47807142437326	11.213077050764486	13.523577709609544
94	13.371611553956884	7.477708096697128	11.225767971668665	13.57864123711702
95	13.436886162235691	7.477708096697128	11.23563947887136	13.651720583135955
96	13.240440799272479	7.475695173401129	11.213212017368518	13.447515304885524
97	13.348525864370334	7.474939623602293	11.227770990784482	13.573577109567195
98	13.31892138207559	7.474466455507491	11.22348648622155	13.522524488402928
99	13.390492514903492	7.474466455507491	11.231969362102477	13.564327223351349
100	13.349934153444805	7.4722813915567095	11.232337559301591	13.562379250284168
