ITERATION	avg. EXECUTED	avg. WORST	avg. AVG	avg. BEST
0	5.853188321800256	5.853188321800256	5.853188321800256	5.853188321800256
1	6.586636256945999	6.356335277669509	6.508374218309354	6.6604131589492015
2	6.970200178238176	6.461694498668419	6.772934878803517	7.082012265584051
3	7.249949574257777	6.493665411180595	6.89386688259513	7.297138307633948
4	7.785881301452607	6.747226856450768	7.2864489722481345	7.814616806044089
5	8.07046094853615	6.94058435134071	7.549931580464592	8.14909735640157
6	8.53761925272778	7.088537027757683	7.843499032354992	8.591480746671946
7	8.660182211345106	7.07410312868496	7.8934965815676685	8.694494157451432
8	9.068804960971045	7.259223680237278	8.190639213730504	9.104705266862616
9	9.348613209753825	7.413378547586134	8.450451161758291	9.463789794343786
10	9.368628777845679	7.276049273572331	8.378855287934345	9.42565281085437
11	9.840284434453572	7.498275105772971	8.736139148024993	9.915893016385116
12	10.04659459075595	7.520714783938473	8.873091216367692	10.164646186274434
13	10.322884390777224	7.5735383196078745	9.020732126159022	10.41299430387713
14	10.554811556361958	7.611193016939726	9.15188199165032	10.632613040870824
15	10.77937557098842	7.630150962172697	9.264615093218488	10.824241157466966
16	10.796006296392862	7.599176336581969	9.268932530625328	10.847833362015614
17	11.031420392865543	7.635145491927521	9.391070565989885	11.048874535057985
18	11.228984213273941	7.757399538689938	9.56760171117504	11.25289656290558
19	11.205571258343394	7.758816993459992	9.58273112770826	11.25707083857925
20	11.104729120387578	7.712300684465021	9.545002859426203	11.223184859074312
21	11.376551699092015	7.759621173847853	9.690409847259883	11.461713946756948
22	11.546412481421797	7.825268672730935	9.798364042103152	11.600292974625281
23	11.592448609514204	7.777085699933764	9.799569058688169	11.637036204367867
24	11.51016708563697	7.765571316057767	9.788691795488043	11.603120365891444
25	11.678998065691449	7.783827538576067	9.859140140552146	11.728546559496461
26	11.820652953914767	7.781259813012666	9.9272309567297	11.862784485802818
27	11.870840732729103	7.808593651233944	9.99579140803055	11.963988552072479
28	11.889373765901636	7.792206931866652	10.004799419231327	12.001826138034113
29	11.979094484877875	7.781748576952662	10.034107953994205	12.086860559320774
30	11.92269269913898	7.747022988241568	10.00837900236526	12.078176390289869
31	12.040212315862666	7.673112653261324	9.97125735204612	12.08105801249216
32	12.10826839589407	7.675136124270613	10.045710816276294	12.217800199354151
33	12.127237464770955	7.6894110005881116	10.082972382629565	12.26429784463069
34	12.280609935705836	7.698146108604505	10.143787495776284	12.36730714330643
35	12.111933898466752	7.645714011397068	10.045261623357225	12.210632331287007
36	12.102827566193477	7.602884453907332	10.032119922646384	12.224536044965346
37	12.26632330064945	7.599607531481627	10.071589721442864	12.308726265579065
38	12.254867668981628	7.6214923673571215	10.104315424231919	12.338677199675791
39	12.093083356204517	7.5573181532936715	10.010047555781352	12.217505479020431
40	12.451532659557987	7.6325653570032665	10.19964214655009	12.540568166242059
41	12.362298394330459	7.586711432722345	10.141546700754802	12.446820860056302
42	12.492058413944756	7.596937079091785	10.213401468263056	12.586870301025925
43	12.522196772652263	7.60226915381774	10.23682076422297	12.61662191495319
44	12.458491324589575	7.59334130148025	10.229438123861716	12.595205502461692
45	12.550754996885402	7.582114259729284	10.25434141756867	12.646213569420132
46	12.61033884093391	7.58861075235303	10.295074316657553	12.721025832976565
47	12.517235072977785	7.5542992787324055	10.252465294709932	12.646354676499476
48	12.543370853967035	7.536276673205503	10.254973814844199	12.648579716436624
49	12.574185772325784	7.492503263298882	10.227030363059795	12.631455396669116
50	12.55713983798815	7.487280711790486	10.239073619916033	12.656102505174774
51	12.509777329253371	7.480766908260045	10.234610970892318	12.62795731264443
52	12.581763045244426	7.474428011358331	10.25938931691145	12.654505156727312
53	12.594994447253296	7.463234935876727	10.248994385804226	12.654627450487125
54	12.84505007595558	7.489783690926155	10.381903014053874	12.968583378480972
55	12.782261970502935	7.493090863019222	10.367348572269988	12.915234674842212
56	12.873899595701088	7.478969003478844	10.38359631957482	12.970030162456384
57	12.745391507955558	7.487179119140334	10.350048464200029	12.831034705355846
58	12.89203300534897	7.46869530624584	10.392627230723672	12.955384341498247
59	12.862479309669707	7.47594763343935	10.38597106153407	12.926996865580293
60	12.811082435675791	7.486754833477942	10.404718478114274	12.910993682704525
61	12.853625856503182	7.456771733483905	10.4152723546439	12.979342816178425
62	12.8896364874614	7.459584971246803	10.435866448641804	13.023208975320989
63	12.909268837759164	7.448288929481214	10.460619949290924	13.026226474193395
64	12.94427046766397	7.460555803967154	10.474473724135036	13.079818621110151
65	12.974400526163882	7.448721880019034	10.473401234791295	13.063765964544254
66	13.065975929496416	7.443289398736433	10.511934011992905	13.157610952074357
67	12.932924545005344	7.433220576356079	10.47873218564162	13.08004495503103
68	13.061975148353163	7.447504644343955	10.517524506249016	13.136753253230887
69	12.988658151603563	7.432162038351434	10.496610555912596	13.090053339300102
70	12.985174797282395	7.4131872283990035	10.49545748520849	13.10942529568828
71	13.080193143356318	7.420943593507459	10.535059820542818	13.196324182678195
72	12.991564045517391	7.4190542408492055	10.51252976070928	13.110902318327778
73	13.064705741763952	7.425189627080441	10.522890069152268	13.151292737019245
74	13.087962023064193	7.412465822505421	10.525386052676433	13.162326886172604
75	13.057387808016346	7.414702812826407	10.536397315075432	13.17424371117416
76	13.08640719003287	7.410356719350505	10.546461278966897	13.223700813042239
77	13.06698388226175	7.413564945667561	10.551077850880988	13.19603836660038
78	13.168543137299295	7.406657783198237	10.581815428926266	13.285592626442389
79	13.177053131869261	7.405889938474872	10.573813041606902	13.25057558840984
80	13.226125667567254	7.409015880805139	10.602105258214573	13.319839614242248
81	13.137713491262502	7.420238051304095	10.60269919816558	13.23300457078391
82	13.145330443413984	7.4207249039963035	10.615930649913906	13.270723118968812
83	13.106548545100942	7.4069755459304005	10.596724265709273	13.225820344752709
84	13.17280949379711	7.407741887374871	10.613791233106365	13.270031653416357
85	13.158016719529149	7.4090812125753445	10.625088147707613	13.294952490118053
86	13.023607086584782	7.403775630570371	10.594957570454891	13.186668427871059
87	13.017001030595894	7.4069653071343335	10.580810602521773	13.11232120711032
88	13.067393608982613	7.406013002285114	10.605060399439662	13.204009031402553
89	13.103613030801313	7.402943185662935	10.608556297043908	13.223452774610863
90	13.223509191432868	7.402173226173126	10.629679740575916	13.281608195136666
91	13.132405918949447	7.405971684709481	10.622504368815113	13.195978741540685
92	13.176230768663139	7.40643757295168	10.64789842837889	13.274490136683328
93	13.10289699722289	7.399068476123314	10.639997500495229	13.250295920083255
94	13.188196556340893	7.397410137229294	10.661640743507478	13.313311019750138
95	13.175127473058835	7.395473028275132	10.646156899444552	13.259165316233128
96	13.129198754300578	7.400569566188387	10.647918344290051	13.244122113012308
97	13.157724572217996	7.396614956158834	10.650570254470127	13.254858179349908
98	13.1914033645062	7.39459972997065	10.651372058881794	13.267412391856423
99	13.175719065321577	7.399905557499814	10.664492541241088	13.259152567708608
100	13.152277082323247	7.397623248153536	10.657091725858136	13.23676741091347
