ITERATION	avg. EXECUTED	avg. WORST	avg. AVG	avg. BEST
0	5.410858046198328	5.410858046198328	5.410858046198328	5.410858046198328
1	7.371616179885846	6.361515243507385	6.88578188144423	7.410048519381071
2	8.344624317279482	6.524632852675551	7.481189575014843	8.417324882527435
3	9.406126426905663	7.040178970532007	8.26991967475962	9.451545250595217
4	10.306948320910637	7.448226292423058	8.960977332840256	10.375218217621768
5	11.060477993520639	7.845660046877979	9.572056557774896	11.138585687787645
6	11.31538741374586	7.827412717267174	9.732109345566966	11.452830788416572
7	11.685458613835737	7.957825804397864	9.992202831187717	11.776277590054914
8	12.046774818087448	8.089594648584217	10.258497457663314	12.117160679210224
9	12.19234285877173	8.067480614375347	10.38478782710484	12.311429413802758
10	12.373228171100703	8.200869670650892	10.59304354591549	12.519459839052153
11	12.535010298095063	8.169405830476254	10.70572083328884	12.696078486378447
12	12.513608079803651	8.12836879580452	10.692350573770547	12.678636679323725
13	12.765009857764678	8.221932235339882	10.881502632646006	12.8985660014587
14	12.923464226852522	8.31129619152553	11.028902381757913	13.044188925356913
15	12.912938572623334	8.318461236189982	11.068749704701666	13.076408462060266
16	12.89199887290579	8.25169154488844	11.044513862587491	13.034205213133916
17	13.059953155813451	8.253473277041252	11.143358257825286	13.191793924096121
18	13.115621768119949	8.317469272621558	11.240850673808655	13.268708056670212
19	12.974854292481552	8.260777367975448	11.196297847177576	13.19305657835676
20	13.175547506720116	8.280834126714348	11.282133770594879	13.307298989126606
21	13.079609116277528	8.192922431657106	11.229092011658821	13.233723703736395
22	13.018616706207181	8.22076480239485	11.260286975939563	13.208878339602705
23	13.023753235756661	8.225139186030704	11.270674094607685	13.216207341362514
24	13.21023770560638	8.15785401971909	11.316910978323948	13.38439417403857
25	12.965103109235228	8.10784400684625	11.24149231437824	13.251142954035666
26	13.049000453238541	8.091944986450967	11.253264705147416	13.259473332039882
27	13.347102354311867	8.091209504342581	11.356499306863165	13.535764411210591
28	13.18904238994294	8.080950120968765	11.317009423246057	13.398941051799728
29	13.180997106168018	8.037118252036311	11.299797003852795	13.399962519133915
30	13.209311173621732	8.04060659177726	11.307628276707744	13.410245849226568
31	13.182496067024966	8.032261904719437	11.303309030154239	13.359311929833076
32	13.182617611826009	8.006678970347663	11.309215281294987	13.38068702581205
33	13.320229946383389	7.985054669719764	11.348042320544057	13.523035587401864
34	13.373258159990494	7.984511748624237	11.377922371103102	13.558980349837439
35	13.284951699862805	7.9689160525493055	11.347229819643207	13.468785224671297
36	13.316311849225022	7.9438603331166675	11.374247790988088	13.510273780481345
37	13.211145338393713	7.927478867459814	11.342162316523364	13.41048659787539
38	13.279225078201328	7.914553350852219	11.370094306580416	13.537102874810092
39	13.1289896400534	7.8935500727324515	11.313411012769972	13.406971009383952
40	13.296289240425903	7.8863191333294	11.344167033589592	13.509211341568081
41	13.180591263499009	7.875859976794822	11.306035859814648	13.369690299833511
42	13.285435454778238	7.869920914183543	11.33363537097749	13.477684895394967
43	13.259985479924229	7.859914962099551	11.323979665940566	13.449910823060376
44	13.360608825707061	7.86027862608084	11.35232733197725	13.527214375872486
45	13.314542666578715	7.854869037764319	11.348096319803759	13.497858268483837
46	13.376503052451781	7.848960733464275	11.357597651979795	13.5297909525298
47	13.283016712941896	7.842424320109962	11.35211128512385	13.508018902537067
48	13.315249403894285	7.839106981274972	11.353623697672061	13.51373170096717
49	13.324636716146362	7.82200901763606	11.357885834985748	13.51067882247958
50	13.41016788915745	7.816802693991727	11.380045710496283	13.580796940768254
51	13.290604160460699	7.811454079820206	11.363752315730919	13.5022861035039
52	13.318376633863306	7.8056504200953	11.357522307513907	13.461081490937314
53	13.311800200614702	7.8056504200953	11.371589426130436	13.492977233595632
54	13.349978411229333	7.800788010479824	11.382735449549864	13.497234072161213
55	13.3379958544529	7.784434979662464	11.392988085844216	13.561914632843605
56	13.375363993417663	7.78123786547371	11.388319189813519	13.547024568024208
57	13.422407699183374	7.770816105623707	11.401640277257215	13.619961057147083
58	13.452499927391981	7.770816105623707	11.400677811248096	13.61976663982079
59	13.4432803298436	7.770236906258407	11.39577874608146	13.596944035171209
60	13.470086344792687	7.770236906258407	11.410140699939058	13.618661274048405
61	13.326743663085342	7.742883040034297	11.412362843210333	13.695358921554963
62	13.398115274028772	7.740496950521997	11.400449080494425	13.64529379987292
63	13.451209029652976	7.740295691910555	11.412698379695343	13.668442553468095
64	13.401632118643107	7.734962460541211	11.394267741906749	13.55674369736581
65	13.467112837593756	7.729811083005711	11.422126161753342	13.652554531130363
66	13.427779834027932	7.728290494520618	11.42193875770695	13.630538436226118
67	13.337332342969836	7.721947706932639	11.415027208111571	13.594740450869043
68	13.211344823988696	7.710992906926324	11.403839533067584	13.608158569912062
69	13.44501323771468	7.710004699919281	11.413236749657145	13.675278007863062
70	13.327115538897438	7.697039483904365	11.407465680739294	13.614101181054826
71	13.506209739731005	7.692545026838231	11.421293064807903	13.657597672053834
72	13.374534213100416	7.691256347131246	11.4121746562425	13.569220315784998
73	13.3642320478925	7.6879848016304635	11.40690598683201	13.568376982597153
74	13.382045466652118	7.684937859338142	11.407142317744187	13.566231303001025
75	13.429500877850439	7.678105137507616	11.426066074533368	13.67059983955917
76	13.400390626561407	7.674999069421909	11.418858859593575	13.597176102942754
77	13.414787659975513	7.673985974139651	11.420389840642148	13.582067735128952
78	13.372899177776393	7.671878765307905	11.41849383832878	13.564792266321332
79	13.410018331980982	7.670770309645812	11.425530806582097	13.584862275286701
80	13.357580932122296	7.662340437220336	11.427710928323597	13.628145083108036
81	13.456430263828672	7.6613383408612235	11.428292147640041	13.640085822063785
82	13.54617016510738	7.6613383408612235	11.440123068645544	13.69543945926157
83	13.38416202976678	7.660109933452407	11.429190913442845	13.607390537968332
84	13.378469155046533	7.65928384564544	11.427976878281804	13.600352621716535
85	13.476268531862221	7.656643546035506	11.443952320428394	13.712707443827528
86	13.457101876069096	7.653677724619525	11.442934718619478	13.679399348790385
87	13.682547382184742	7.653677724619525	11.468834361020678	13.856198961583798
88	13.3918318476964	7.653677724619525	11.44329532955493	13.641289829479057
89	13.509900214711154	7.651655582120018	11.453945848560096	13.634288817359907
90	13.383822234381913	7.650628298513464	11.449066352100534	13.628554667642467
91	13.365816528548423	7.650405858362079	11.444812409234828	13.581784214820596
92	13.385153109566797	7.649403904448007	11.446461904426899	13.615030085113382
93	13.36875813842843	7.646230519484911	11.443755627867361	13.595635968780307
94	13.394697209484	7.641351738556407	11.45098018340083	13.661647755543957
95	13.360121887559638	7.638358453782318	11.442040227538389	13.633770004107332
96	13.502195147895765	7.637377134706478	11.451191601058298	13.67810460144522
97	13.347961230963174	7.635604882579118	11.437679682173433	13.596158890874783
98	13.527205748103274	7.635604882579118	11.450207996556944	13.684844975143015
99	13.32242407262781	7.631441873554124	11.435221931175167	13.58890090708364
100	13.380803069280624	7.629458338518521	11.437236820889717	13.614737243918524
