ITERATION	avg. EXECUTED	avg. WORST	avg. AVG	avg. BEST
0	5.746264830130664	5.746264830130664	5.746264830130664	5.746264830130664
1	7.657724867022977	6.6894828164908615	7.196514248859338	7.703545681227813
2	8.557929564015694	6.834190379234159	7.74689172109825	8.640122116695728
3	9.492365665746652	7.252367939458575	8.419489940343896	9.544576503794099
4	10.398145478515564	7.676443198826951	9.120269273366139	10.47295999711921
5	11.055698181391769	8.004527986875626	9.649618613838461	11.147008317991244
6	11.211391113697871	7.930638373174827	9.736622458983973	11.376686796508384
7	11.451723256881948	8.025628301387597	9.909407015133628	11.588855978839922
8	11.709128153238751	8.020339715216226	10.040358484958	11.813900503869235
9	11.919979454739055	8.108279627570317	10.253399085440375	12.104914502951372
10	12.228198200278579	8.220617275816778	10.49015725330818	12.393655420433797
11	12.271089650645303	8.146701974284603	10.527212043814638	12.455270424237085
12	12.385455436365687	8.167433425968612	10.607724489480757	12.574273043811917
13	12.273622768454254	8.12971668967779	10.586765393547237	12.526797669520702
14	12.617285248243343	8.105486252328566	10.69260450261098	12.735273953006077
15	12.592954406164726	8.17210700924625	10.765249519968513	12.792371270934119
16	12.584909825874078	8.147628038106417	10.7825409265566	12.809700372193964
17	12.60243065708518	8.014240555495368	10.740311374448448	12.802747554068345
18	12.684299190654977	8.10349124973604	10.857062449074062	12.894364949923121
19	12.809471927851753	8.088722632156818	10.913195946065724	12.991984404817009
20	12.694886846889778	8.037432800238848	10.8594203243992	12.92232728750131
21	12.840684669862958	8.002852181596504	10.901360805608634	13.00975746621568
22	12.805737822827703	7.998132043758494	10.90857893074176	12.968587296418912
23	12.813737198180974	7.954869670435868	10.902665573838675	13.009293909070452
24	12.919697587559114	7.943262166966103	10.959987788712324	13.136628878834337
25	12.805035660534323	7.8873088184857405	10.912087924811681	13.053999715110477
26	12.842965352855254	7.843047836756884	10.900379290562782	13.030880271981626
27	13.099387874751198	7.8502562286038655	11.00610420413245	13.30196805255081
28	13.032172682083258	7.830514825943035	10.98351842484812	13.245700540566778
29	13.058871292993151	7.795794196791383	10.988282266201397	13.291319816796445
30	13.180355509249702	7.81366707721005	11.041845885581038	13.404543374933708
31	13.094854722759823	7.782395353464303	10.986543562101508	13.263137904179237
32	13.016206566071318	7.782508091811288	10.985442487535197	13.237957007245482
33	13.204065450152562	7.780079809929867	11.060372339981104	13.430384487110576
34	12.930774131308787	7.754304364631902	10.988624522099427	13.255146738164278
35	13.06221075416649	7.724905264358113	11.011550221111596	13.334177412072659
36	13.039220443399877	7.688952288733117	10.995747667459048	13.316169376064034
37	13.03550338744297	7.673104527371615	10.976730072809506	13.27403139378257
38	13.221955069619577	7.667562006497383	11.024233696533384	13.435187864146686
39	13.003886274982538	7.645773761583773	10.967422177220088	13.299796764862556
40	13.116583707460943	7.642668851103592	10.995025124781831	13.374829306898038
41	13.139876117668974	7.6316738977548315	10.985865495629877	13.314989017082537
42	13.051629941748072	7.6216893732251805	10.985710253456975	13.352319634693748
43	13.100136583308535	7.609902221485285	10.97927777058484	13.340356731719432
44	13.102843624526647	7.597350394221481	10.978822556703415	13.39645128922111
45	13.19029388927748	7.5912147241991965	10.980553706650513	13.38064659263013
46	13.129011294864352	7.583145458942227	10.973774642998128	13.393933389609987
47	13.135452858207978	7.578911027987868	10.97833580607088	13.395213332027756
48	13.267938703331884	7.5786285570287095	10.997284029699046	13.476639565110707
49	13.215614255772326	7.556155058674237	10.988135169992528	13.454742692755136
50	13.240035389187412	7.549146012180155	10.99812862546973	13.46670857495251
51	13.114579036866731	7.548179766941826	10.973205900018764	13.364272166516605
52	13.167476269931282	7.543956742831243	10.971292426067834	13.326898751384386
53	13.162372276968501	7.543956742831243	10.982716218615948	13.36815454985917
54	13.14741695257321	7.53664213595012	10.981832034304858	13.34883130685826
55	13.270168837667212	7.523531069463222	11.01462807131971	13.510122707030465
56	13.077143965191969	7.5171136887966625	10.966403408631935	13.310103099386094
57	13.188719088089949	7.506198175413482	10.98371121482951	13.419678909024231
58	13.220160778099602	7.505855550270867	10.976762967218175	13.402898327885248
59	13.229922044438256	7.503863283874782	10.98177587323187	13.422799652082379
60	13.253242229520662	7.503863283874782	10.997159128943935	13.457430860903536
61	13.244913054336246	7.490973014884486	11.012293643530388	13.516745926712044
62	13.223578865041103	7.488140111230051	11.008760810066581	13.46727794151388
63	13.170243493782209	7.487285746456797	11.006186776871367	13.447751699587199
64	13.1723515317487	7.477402261739755	10.985269086285664	13.321900037932192
65	13.235030197450534	7.466762963648233	11.016105072667077	13.484915252689907
66	13.359180037439275	7.459974198357456	11.039966141126417	13.623988500457518
67	13.203412717199905	7.454658748559193	11.013279468888134	13.482891152154638
68	13.161361295116242	7.449933036312805	11.019081671082196	13.49958429243422
69	13.254183807160336	7.449933036312805	11.019075739692692	13.505570303166687
70	13.191264206265584	7.448262867829813	11.021516133053694	13.489809802087283
71	13.359828545785156	7.439522983677043	11.041055830045703	13.577269893245576
72	13.265587180416041	7.437668694787835	11.032077032832785	13.468248946152002
73	13.355726185378685	7.437668694787835	11.04115257971165	13.568075416549355
74	13.222141548355259	7.4259155980659415	11.021624378165681	13.46140993482443
75	13.158799823838756	7.425901482121979	11.022423748246522	13.439737458042352
76	13.245965851244437	7.425435311540283	11.030395362685717	13.481359994783887
77	13.320579589797362	7.4242030889050525	11.034784707952655	13.487819181324967
78	13.179722608097121	7.422025126112437	11.0217390677796	13.393640562502917
79	13.266123674145659	7.419526114215776	11.033816851839525	13.451353429545865
80	13.18437392061743	7.414890713816756	11.032689624262414	13.522747547446334
81	13.234982372484705	7.41358078519176	11.023599715297205	13.470255221379386
82	13.36042169516761	7.41358078519176	11.038188238404041	13.572961264210251
83	13.236830609578744	7.4116203431097745	11.029341527630264	13.527139086594719
84	13.123069781018973	7.4049994543789275	11.014028194799355	13.439475268036254
85	13.323992072155507	7.403622776271288	11.02900351580426	13.537322213527421
86	13.213975636090007	7.402737253717159	11.024306527171225	13.458496961985485
87	13.311300799706878	7.402737253717159	11.03791987524817	13.541443542846018
88	13.34360457141945	7.402737253717159	11.039886030342329	13.54104303535525
89	13.298533592608843	7.402701955361224	11.040573176968175	13.468496326840233
90	13.278357290230145	7.402052603600144	11.048456848452837	13.538264172339023
91	13.329552517219403	7.400696992953563	11.05374080369857	13.549177577849196
92	13.396994762913591	7.400696992953563	11.063164853771605	13.634976095108884
93	13.222156850038697	7.400587521158177	11.04674737189513	13.49277410276143
94	13.35377682000027	7.399863784078073	11.060006136500633	13.565250748493254
95	13.2179360952768	7.399863784078073	11.051777461576904	13.514421643984937
96	13.292851417985121	7.399203438247874	11.052660426497924	13.488608197456488
97	13.194716611117988	7.396439527299788	11.044711549900647	13.47142627040001
98	13.282392461524186	7.394179935679951	11.049532680719606	13.50923117174093
99	13.265805750049354	7.394179935679951	11.044843462196893	13.479343494591943
100	13.331322362956119	7.394179935679951	11.0549408937983	13.553020413681969
