ITERATION	avg. EXECUTED	avg. WORST	avg. AVG	avg. BEST
0	5.814339506907566	5.814339506907566	5.814339506907566	5.814339506907566
1	6.522951827601917	6.3099200021357404	6.456341204347968	6.602762406560197
2	6.923635920636252	6.423685814344645	6.730927328505735	7.038751831299738
3	7.142617304699298	6.391270325527072	6.795425949693775	7.2077267519494495
4	7.671214960306175	6.617557729470599	7.159666686505961	7.698734640206376
5	7.906347206471048	6.7623232549618395	7.38853787551659	8.01578755182896
6	8.368237748627655	6.881892099471071	7.6522075008644235	8.428428014412042
7	8.434560356567674	6.808721017104412	7.64739192855022	8.479974926347042
8	8.874618475118774	7.037074816494156	7.982357203312624	8.918914575736716
9	9.111041237502938	7.142024129076077	8.196466228565871	9.230296451864227
10	9.12613697578207	7.0042548981351755	8.132285387734902	9.19767837868307
11	9.625612785821746	7.252958529546389	8.511292573049198	9.705751611620123
12	9.818269042589739	7.230376145279183	8.614457253183703	9.923279781719913
13	10.10364916406169	7.279127059408608	8.77496450426283	10.210610614939759
14	10.381096705059855	7.339389668356529	8.929907575812983	10.456075484379241
15	10.587537905661817	7.38292011617327	9.058537422888268	10.646132183882775
16	10.682450274215206	7.3622143672961995	9.109667236508875	10.759920781761641
17	10.896494644879557	7.3840130012095875	9.210722446938973	10.932664923324051
18	11.0817667738875	7.473568909892808	9.353346581046155	11.117742882799664
19	11.044912653636217	7.435705153199654	9.346078951335489	11.118848897281902
20	11.149905618266507	7.465701255475612	9.430214771420385	11.252561020719138
21	11.291350444587604	7.479499592309708	9.500433912964876	11.368431219457765
22	11.592819112419118	7.558728249762124	9.684601689586708	11.644689309500288
23	11.559572284361092	7.527398594625961	9.660423783364992	11.605328783512537
24	11.667655223422765	7.5518320735059445	9.74221343808384	11.731754260788193
25	11.742873159844798	7.548937500572422	9.776905086967977	11.791958600122692
26	11.821073023125644	7.551553735152887	9.821158451507781	11.88244116385231
27	11.96097893955875	7.599327052354456	9.928077440221626	12.039448407417455
28	12.117162147386185	7.615619150547659	10.004562907746102	12.198031668880796
29	12.062329214213099	7.596999998457917	9.980389978792502	12.18174226255218
30	12.153043995259827	7.625257850204899	10.040981091121768	12.29027460641853
31	12.17408681288056	7.570526438645992	9.990862117463092	12.218170837277645
32	12.230334910931573	7.57370852747563	10.052621922489003	12.350606277483447
33	12.31148931960114	7.57127009781267	10.10934785885518	12.470916213299335
34	12.299975696633622	7.554101924143145	10.091164037125708	12.420630037060592
35	12.392883222609314	7.51623618352308	10.086826548610464	12.442046888509077
36	12.433091703449561	7.525349231264925	10.135787661044066	12.524425677042807
37	12.398778394882054	7.470919614505617	10.076536212500718	12.438797562762941
38	12.384624946679905	7.485325039729102	10.105348151809729	12.47889274750574
39	12.492721738656718	7.50685386651221	10.160133453901484	12.582193214646635
40	12.480623061784685	7.490732012038237	10.164098191238045	12.595592106605872
41	12.480057133968025	7.439494533820803	10.133377978881649	12.573906754238035
42	12.65153598082558	7.493247289989851	10.24568168701296	12.749489787183498
43	12.536895860523167	7.441744230588414	10.181656511909134	12.669095210576028
44	12.57686228979038	7.405457349460205	10.18985503670577	12.714110307614483
45	12.742116291598615	7.431738369517807	10.257858674833981	12.815710425724706
46	12.794390257592912	7.4432754543599104	10.316457459894194	12.909824445899545
47	12.840340255606568	7.437629172708088	10.34196923375283	12.95180119074455
48	12.83968410634055	7.378220515745471	10.310699562626528	12.940528996177996
49	12.84415951084726	7.3575337872661795	10.289375675662944	12.894897587019136
50	12.915729228758465	7.350065927917604	10.34629728893047	13.017681106424023
51	12.917416875102163	7.353858860859906	10.351651713826993	13.009508469955726
52	12.907019936772327	7.331390605115937	10.337688308905616	12.971393874164168
53	12.791041761996063	7.299835028439249	10.281206746395203	12.860774634685564
54	12.93605119836673	7.341169946696048	10.402336772792216	13.121002656196948
55	12.829853258073204	7.319598919041779	10.340948449037926	13.047856127855768
56	12.929704357684741	7.31450489898053	10.34809151099702	13.040259172553288
57	13.004590835125429	7.33884770338558	10.386764510204507	13.088567984266316
58	12.94581817772211	7.2932132818410125	10.349512053031003	13.031673599635898
59	12.909863690633527	7.287341636200991	10.333818246035156	12.986898164808624
60	13.005530216816028	7.310375504309297	10.397326430512422	13.10706045751532
61	13.130897623034384	7.304315073630264	10.441552780824619	13.239300323869848
62	13.061339627891954	7.2976170820026605	10.449011792671731	13.230587134374726
63	13.119339827603051	7.277567393578829	10.466355645989305	13.277404765287914
64	13.058106748199387	7.287115733422739	10.456171162977531	13.198522096761808
65	13.104592800664264	7.274815746282668	10.464248634847447	13.222452664491085
66	13.051773195888929	7.277706933034781	10.47195273555827	13.219626783430265
67	13.088210410293117	7.262283703866354	10.465303944649138	13.231393141808109
68	13.232102476219366	7.273373200946276	10.516194594102808	13.347838769287145
69	13.160319264414248	7.250056522959964	10.485095754580007	13.284440463057823
70	13.14827718894921	7.234148884577105	10.481345600235963	13.280825410448013
71	13.14142583459096	7.228078096075364	10.48047812738527	13.286338111084303
72	13.16581106560451	7.225771283945951	10.485517838724071	13.326264581965576
73	13.213343779472567	7.222503042184891	10.477500373659177	13.300703722712516
74	13.248520563631505	7.201818203873871	10.469812119709582	13.319761763408136
75	13.14675173693768	7.206450098984439	10.475137535916021	13.324233356980688
76	13.221460292223691	7.206415402807346	10.509199773774352	13.418587949255
77	13.16656047849311	7.197055631904861	10.474899717194331	13.3130163849301
78	13.193428134074052	7.18168537001693	10.475761240984843	13.357282076627419
79	13.24525199068889	7.178097639898284	10.483657216330558	13.368022559306754
80	13.230466442905428	7.182275594822043	10.480372726223045	13.360641436780705
81	13.17865939294338	7.187211451516326	10.484064813307166	13.319912412711366
82	13.141031607474957	7.1854215332971565	10.469314079738243	13.282371019521149
83	13.16259013715466	7.166880879601792	10.464050021559867	13.337922239976342
84	13.149043219526108	7.167297220026097	10.459413659396475	13.296735198459112
85	13.158404891478963	7.167092923738537	10.47277710544404	13.345665476707396
86	13.165907267571377	7.16587116023125	10.474584904963026	13.327783623985166
87	13.229633340440195	7.1695368591919895	10.47164900303711	13.334364744955518
88	13.095080242388118	7.172665087258645	10.46927137202437	13.325209230853218
89	13.182423566463147	7.156392551833468	10.467533537503463	13.31460203711332
90	13.215115422788028	7.158699175248086	10.471658631988428	13.2962478536942
91	13.217534804998145	7.162562477374084	10.481560175977283	13.286470371481597
92	13.179410536162642	7.144526210089283	10.463527629714818	13.321353922548347
93	13.185342065586399	7.1412980127594174	10.47312539897791	13.32114126043451
94	13.283168345516081	7.146279399521402	10.505356208495117	13.4441193618981
95	13.30098725439114	7.138640220268887	10.487602666616354	13.388429483827066
96	13.306906003927175	7.1363497580358475	10.494312541758905	13.39897499172714
97	13.287670703636975	7.138795501459083	10.496959968508756	13.390797728775507
98	13.357756025938126	7.134429246431686	10.507927490372223	13.437559824712949
99	13.43570597022748	7.142368842400074	10.530660178144181	13.514233860241871
100	13.268474334939455	7.137354007250884	10.504658173235107	13.375594356427916
