ITERATION	avg. EXECUTED	avg. WORST	avg. AVG	avg. BEST
0	5.831790670267162	5.831790670267162	5.831790670267162	5.831790670267162
1	6.567368521731708	6.334889652854668	6.487071416550162	6.639253180245657
2	6.991145043152878	6.46429070881743	6.7775709581203465	7.091455433084577
3	7.325845236131947	6.5471892547338495	6.95307894407525	7.365888826310158
4	7.771256130710161	6.702698188863576	7.252421523570063	7.796270499653358
5	8.148870109830698	6.971713478954479	7.597287393253876	8.220575725817605
6	8.61457954860429	7.116421545620349	7.8940092636741985	8.665275957403916
7	8.719190351957876	7.076608594637562	7.921979162647139	8.750763842445362
8	9.18713045917473	7.331754809447729	8.289947361819628	9.230571950242494
9	9.459514056294843	7.460074582792976	8.529370395243813	9.56372713975146
10	9.46510489755599	7.324253941810847	8.4582838087492	9.52097732669595
11	9.977671442323492	7.590968098592361	8.85334122271979	10.039271752950059
12	10.208577334086902	7.602494184297012	8.996688776112858	10.30263157490067
13	10.503530169212807	7.676839103000105	9.171084755631346	10.575590365312083
14	10.72955807776345	7.731891299469333	9.307503750924912	10.785434667769909
15	10.970412159579828	7.775667930444123	9.450054968879847	11.004976985071256
16	11.067100968496066	7.785537513103593	9.518074735154507	11.116740634654658
17	11.30014697889903	7.832691539478041	9.658632368108115	11.334126830772531
18	11.478079976456975	7.932900431647215	9.804205332407136	11.505528682590926
19	11.500665837295703	7.953363318452865	9.844633749942247	11.541746215008235
20	11.609994675542763	7.984719137676211	9.943728064184487	11.701736828330082
21	11.807831310609677	8.027178729696526	10.050910392022379	11.855327614148289
22	11.990082951279165	8.10363633617027	10.195611468792883	12.044231907703349
23	12.057162785955828	8.075599142109573	10.209813248557474	12.08917832879414
24	12.039937184170967	8.106529349349138	10.240635012983535	12.111461547497399
25	12.220623474329768	8.086222635144726	10.31137607108496	12.264160547241826
26	12.24342002555483	8.082679198906863	10.327685959859153	12.286406733866531
27	12.28143965756178	8.12582722319979	10.39515851857233	12.364573915687485
28	12.433053104710543	8.13657182755624	10.467403328200628	12.495195624613899
29	12.411146792377178	8.128986652657154	10.462433108998194	12.492815075277555
30	12.511242855326678	8.14477479331431	10.530210401177055	12.614474787511972
31	12.385498166446814	8.0797816460818	10.419151413678577	12.436306876691894
32	12.549640650329767	8.087141720957344	10.523502772621194	12.629553858581714
33	12.5422700292504	8.087561160518812	10.547143322497826	12.661231937456163
34	12.648472507708336	8.068747681773067	10.57666883103909	12.731500681865391
35	12.579796305707639	8.05487354615296	10.533161515469923	12.632156915033057
36	12.720779651321049	8.08482201318555	10.635182131679185	12.806528035467842
37	12.638364191686485	8.033229259168943	10.556847672000702	12.699090191747642
38	12.869663060375117	8.086091845451708	10.69789026321435	12.926301459536317
39	12.837554796078082	8.080911372810068	10.690765780313628	12.896639389651215
40	12.659698999399358	8.054937125322285	10.637821977138076	12.796391737841422
41	12.749999152974063	8.047042017133869	10.657882311035864	12.825920011254688
42	12.796306142238242	8.025596696585621	10.670383367855212	12.876125676936324
43	12.822087703940289	8.045988291904058	10.71853538868611	12.935413129800864
44	12.804163178461756	8.007934357847201	10.691426755028582	12.922186831319388
45	13.0785724841212	8.05254302219053	10.813845013998478	13.115098393551754
46	12.858197555278545	8.045068265550094	10.76448890722098	12.98042710273565
47	12.890924953816688	8.016782206473486	10.776129474262692	13.014997222847118
48	12.911099054890304	7.9782953061987865	10.754984244430023	13.005958869377256
49	13.116422749479772	7.990724579632586	10.825927456265749	13.161014486893926
50	13.037036964844273	7.9738174229059124	10.81493710782793	13.144009048785229
51	12.970747175334605	7.9583241177154544	10.780080841043935	13.053503045477925
52	13.045527325431951	7.953227439474527	10.802481166254012	13.108609137495831
53	13.01573469248464	7.947259549080167	10.792920639134397	13.061378384198287
54	13.034363899623587	7.942496614873512	10.825282646326981	13.177249697275167
55	12.951167162781095	7.9308547753822065	10.792762098267527	13.115230324344754
56	13.07068142733142	7.925365263821111	10.816176047703827	13.168927185068302
57	13.042992808617397	7.939229333636725	10.819590284729085	13.137067439965895
58	13.138549119479196	7.912468984907406	10.838941581889078	13.208945388399165
59	13.032578903524563	7.887214827867936	10.787638772248382	13.12458022836921
60	13.193088655926175	7.912694889647269	10.873674924755777	13.282031676539892
61	13.260834829723533	7.917720195479416	10.919868594520407	13.366810940760335
62	13.071148383307136	7.888764960494362	10.849874338496564	13.223744407019057
63	13.14901827814103	7.892129599463828	10.891386863264646	13.284041747931298
64	13.132973047123093	7.880489046203571	10.87969431698834	13.256432273232926
65	13.0954609364556	7.864452662167564	10.867062330009826	13.224125724052524
66	13.108367635977345	7.840872249208669	10.85619832091781	13.216086857115833
67	13.062752549432926	7.837415800967178	10.850223746781388	13.195178872848391
68	13.111506770033229	7.83364053954329	10.853846280081205	13.216150470845744
69	12.99217341994273	7.8087492191145635	10.823994051784295	13.169349656274976
70	13.123033691993516	7.792681643707631	10.850362547707002	13.257552601845351
71	13.068437772578912	7.775512926097615	10.816325399789163	13.20088662881468
72	13.075906301291445	7.771660220077226	10.81915718768912	13.211535223065374
73	13.165686819641085	7.769773078381368	10.837117457922906	13.249802378000393
74	13.063106150392107	7.758424499218263	10.800243991383992	13.171135479590664
75	13.121090127360793	7.758047770913681	10.81969462531787	13.251010666545959
76	13.193779137108272	7.739590764620278	10.830811728976844	13.343806218742236
77	13.142654497974437	7.737828266903744	10.823754971802101	13.292857672680352
78	13.16399284464189	7.7245005006326135	10.821929774314176	13.298124190791702
79	13.186507301114336	7.722588226145618	10.819118598545172	13.298742464128116
80	13.131104286673315	7.732239104678395	10.820155335089462	13.24804688718206
81	13.167950742062986	7.735962826585124	10.840135390386845	13.272823043777514
82	13.16632854900449	7.732854015224016	10.841527513226042	13.304243321453825
83	13.36563466100576	7.719334133672251	10.876718644745624	13.463215578789809
84	13.281980542832544	7.719665929102114	10.860023376741381	13.41076384396273
85	13.311660335271517	7.715135602760016	10.868004289311054	13.472108518101896
86	13.256849171815823	7.716352463124924	10.85933180613593	13.390160989018279
87	13.394329520972896	7.712790377957507	10.87256282761628	13.447125227490575
88	13.320194625438793	7.720039902567223	10.884528099085221	13.470550373323386
89	13.30631677084306	7.711961013536506	10.876475331952722	13.411217939774005
90	13.261713408508923	7.707654574761816	10.872437876734777	13.33543654260302
91	13.2249493522151	7.716548056775253	10.875660240054746	13.313844497298405
92	13.256588231702064	7.7084346688362695	10.882620653099844	13.382173072378912
93	13.308295725916294	7.704153229991731	10.896451752748568	13.425032938855804
94	13.27576665612791	7.695202652214828	10.89546802095774	13.425477592801379
95	13.386200113052096	7.698439316701178	10.904023390866614	13.485067842304826
96	13.388810676154527	7.687709245702735	10.895554332973191	13.461068856121896
97	13.30851019331729	7.6874266362003665	10.884125936696776	13.402674762732202
98	13.357289473298998	7.696158708920431	10.901681522909616	13.439689140671694
99	13.441509430001698	7.694938858520853	10.927533659500858	13.510320339757358
100	13.386922723143933	7.6938033214013615	10.920209128013777	13.494943507953215
