ITERATION	avg. EXECUTED	avg. WORST	avg. AVG	avg. BEST
0	5.5777938965995855	5.5777938965995855	5.5777938965995855	5.5777938965995855
1	7.519885515850737	6.530243853690036	7.04424552854438	7.55824720339873
2	8.465172290651088	6.691149454104007	7.625794945632567	8.540947083442731
3	9.470510552464901	7.16958992745891	8.366592011922497	9.517569299003345
4	10.357361942363397	7.583857673283632	9.053083630524592	10.425681081051854
5	11.039565584694762	7.931969926351503	9.606587627344226	11.124933024422235
6	11.354786679209031	7.968647177517852	9.822485134358239	11.498525965714492
7	11.548514753984493	8.015282102748863	9.957611583014426	11.670036330715902
8	11.886289590461043	8.038846749017178	10.143554460376507	11.967145741165108
9	11.925880487050625	8.048048144219292	10.250071269957504	12.10780043406482
10	12.523910490506495	8.299155121831644	10.677281866088702	12.6414315244919
11	12.45066377736414	8.18311924726991	10.656839464602022	12.626965936560179
12	12.59918146413118	8.213983238849274	10.752788379839371	12.7559481319222
13	12.650764631718493	8.281450893876423	10.864252187960261	12.855669541628234
14	12.757439215400817	8.221673012006907	10.870430593908399	12.891181068968494
15	12.859418921608164	8.271392210406356	10.977966982606857	13.016834888990878
16	12.761127489303759	8.282105296850146	10.99035702751835	12.968853893564628
17	12.926601493374035	8.201859196747035	11.041626040158832	13.129173092590268
18	12.862506125686087	8.223359729999544	11.047445750538795	13.034733413900591
19	13.104752216677406	8.252149765513048	11.184456483194852	13.263801671230086
20	13.212775783183078	8.266149880267818	11.252042853580924	13.354176055331603
21	12.721871995260212	8.128830262162435	11.084599922960939	13.123895233535196
22	13.000401797211934	8.133345215782997	11.151313926748376	13.220436821996465
23	12.973042723493398	8.118534488768393	11.118363730348548	13.139988619411136
24	13.070008335227415	8.066133526489729	11.167934405447854	13.324800798852172
25	13.011296537423988	8.0299254081139	11.13232309847472	13.220772928557915
26	13.010650983249729	7.9900167194058875	11.115130115293146	13.205214422234432
27	13.148964171507295	7.977683726555267	11.170710525645559	13.354047076188237
28	13.17283408915083	7.9624888787556	11.169383060053143	13.376309403421608
29	13.086429176648908	7.922939002002491	11.130805543602218	13.285974452139557
30	13.299348246693437	7.942334385039894	11.205040026097226	13.441363734463753
31	13.21280310256596	7.932870931158502	11.187487168679304	13.369208346051431
32	13.204817681569057	7.932499160167728	11.210048042042114	13.383348986127082
33	13.133887041031166	7.888673973025738	11.211548665103725	13.44875018401696
34	13.249169577216131	7.880179007978543	11.226754732745812	13.45542219258985
35	13.19254776939645	7.86337663657143	11.214029314256845	13.420379408318944
36	13.204123533557134	7.838536265158435	11.215424562737434	13.406276164605671
37	13.286037594640288	7.8274722459219515	11.228201036656662	13.46616602488406
38	13.31385541271624	7.8249734393842605	11.246230191743736	13.51041159956112
39	13.246627229208604	7.818284735102075	11.238787275827985	13.485572678468133
40	13.299806520093615	7.815263081042645	11.251438187115529	13.519426543994387
41	13.424393841135663	7.813021287519083	11.273965650505708	13.551643186941206
42	13.294779233305398	7.805930054913766	11.263739381503733	13.486266191535599
43	13.329004156705368	7.800110291468621	11.275386637866307	13.526902160808293
44	13.351106810237921	7.798602530662829	11.29042167270586	13.575353693050417
45	13.375295245343805	7.794777663235144	11.287943976035391	13.555709493901428
46	13.370276594238726	7.792889557706309	11.290360789512285	13.544192420404636
47	13.263611088006119	7.787003009730315	11.275216523711299	13.486347238364372
48	13.44080916403247	7.786604294456215	11.310112012339022	13.599929524779514
49	13.442313487364526	7.773403264729263	11.30975938783971	13.600061559270717
50	13.380780912091733	7.769518254139476	11.315669652536771	13.565274613828242
51	13.382618971280213	7.763415294309608	11.32415074953054	13.612960188198072
52	13.460599694680653	7.755156030758973	11.329360030951678	13.648566532064695
53	13.401186213821509	7.754990176516557	11.314992550597466	13.57254833822617
54	13.312842395157805	7.750066955608013	11.317570634016576	13.540474380570275
55	13.360360714841434	7.740498174409216	11.32425957439117	13.562017374687242
56	13.360679145912409	7.737610663211705	11.315039908539926	13.50880105273732
57	13.424480751084198	7.728663543186247	11.335467351407972	13.598318063882884
58	13.408983019717464	7.7279755405142865	11.331240792277022	13.567404835971557
59	13.432058532116235	7.727577656339216	11.333619986917574	13.573209418764307
60	13.352208912975033	7.724281931482606	11.334888561624274	13.596131196379106
61	13.407366175611962	7.704894214134596	11.358276722634452	13.745794173556694
62	13.38665264018546	7.701416855450531	11.340921252886151	13.614179562639885
63	13.503772267774988	7.701244011170215	11.361619294613348	13.71501783062514
64	13.484281170988021	7.6808807460008275	11.354860262360797	13.672661439076627
65	13.377974508726483	7.6786121064618715	11.343956986863736	13.560073313294543
66	13.447164318559159	7.678552195546173	11.366667335839072	13.662604611400736
67	13.295510525620122	7.672625911454124	11.344859585445642	13.589730901671235
68	13.42267508652143	7.6659930394849045	11.36728619196846	13.711309404066837
69	13.30781895613874	7.663368553558919	11.34248838107452	13.585967442996656
70	13.31470311396222	7.660294067807884	11.346278505853963	13.614532947370602
71	13.434944282638147	7.650239698016324	11.352938432092834	13.665795810192783
72	13.43535471821917	7.649388739691495	11.352365939397375	13.598830881525513
73	13.436616452866424	7.648287589801501	11.355541097922725	13.622913745515437
74	13.382000512330839	7.642370668698215	11.348437845115173	13.549465440688921
75	13.441378170763077	7.6423142876490635	11.36812914237959	13.633285466781984
76	13.439700612335267	7.640574193051849	11.36970436363406	13.613346068133975
77	13.44398105137914	7.637132848386932	11.369967229138867	13.612450670778594
78	13.42358720424726	7.636433934948612	11.37560502170018	13.587667693707699
79	13.407833970496414	7.633871167348754	11.379343049052444	13.608714779389782
80	13.466886530073225	7.633765281340983	11.392523166281391	13.695362981691265
81	13.439487229309742	7.632780682980621	11.387575178616775	13.632134385400471
82	13.593139558246607	7.63047981215709	11.407812170623728	13.78501980694991
83	13.407038418185083	7.62774029990842	11.39122977752905	13.649382420475673
84	13.450061825684738	7.62774029990842	11.39215898629957	13.664388759592075
85	13.403988060806602	7.620712467425218	11.395894501500326	13.675633147670565
86	13.53144350375783	7.620670097015821	11.405925483943582	13.710390398590738
87	13.381069434935052	7.618897914658913	11.395509062463953	13.626567647715705
88	13.476885834097258	7.617198608747678	11.40555985200992	13.694971609858072
89	13.394799517374716	7.614686028657172	11.3936467865028	13.566939434343
90	13.390036565196178	7.608589481457273	11.401174120736147	13.656184620019863
91	13.393033477967709	7.607950761114254	11.39558827668149	13.588439065947114
92	13.441383173047061	7.607251858729015	11.401285172836936	13.62083289785468
93	13.46873352338904	7.607251858729015	11.408982149826171	13.666213672855728
94	13.526734908662709	7.607251858729015	11.421012208756107	13.714628560525176
95	13.42886420504891	7.6069341163181985	11.414705315519877	13.705927566273893
96	13.504294615437944	7.606503415759662	11.41691739079483	13.667954939071075
97	13.38467406634418	7.603894709693721	11.408799483274194	13.641007113335963
98	13.450688545779649	7.602740584035546	11.410462624878603	13.631485968547402
99	13.413881523838121	7.602740584035546	11.409021615111861	13.600755247054806
100	13.462140428339561	7.5998567258201275	11.417034028323148	13.6766946400361
