ITERATION	avg. EXECUTED	avg. WORST	avg. AVG	avg. BEST
0	5.834022240062919	5.834022240062919	5.834022240062919	5.834022240062919
1	6.582472021741018	6.335293604761713	6.496016940743292	6.656740276724871
2	7.003772217289452	6.453044494794734	6.785442107479124	7.115774443801908
3	7.323154905304018	6.520989624484072	6.940431548116505	7.361891652618115
4	7.781246500741163	6.703583360366402	7.266139242704515	7.815732459251772
5	8.07447664643502	6.886112619857961	7.524394831307913	8.149477141780357
6	8.593007465821623	7.053076289755686	7.861508032745184	8.657009056486201
7	8.835241150646924	7.121207730715685	8.007482695508752	8.866411654833241
8	9.235393109341846	7.310532762238239	8.308783502084612	9.278663334746138
9	9.507934481583295	7.4475891175822335	8.55369192933039	9.618757481448359
10	9.51447545375835	7.304508613945311	8.47848650605231	9.572752002122558
11	9.919131316126695	7.484761193387398	8.779714220820908	9.98542100151517
12	10.190235582235681	7.523359863642199	8.962691028645635	10.301060278935749
13	10.54038220707774	7.63699398378387	9.172784874514623	10.613836506596488
14	10.794173597998693	7.718479709410204	9.342392036304195	10.85851080987948
15	11.035039751036326	7.778708387413289	9.48538430890383	11.06865723123635
16	11.101002863932777	7.7641760371047495	9.524943255171	11.144504319279733
17	11.30108847465495	7.809350821256442	9.644256952769913	11.32088695815932
18	11.56604327226957	7.9215021330478885	9.842171463700543	11.590272623012556
19	11.585861384080083	7.936191067587504	9.884063101137674	11.635367736372311
20	11.502372080076718	7.905043687396714	9.859261394796947	11.604705180363334
21	11.750187272753168	7.964860808905597	10.000945877027373	11.808883585398972
22	11.979570019239839	8.038218832408313	10.151484351867119	12.0158338944989
23	11.945533891011262	7.9981639661418855	10.124053303007386	11.98377372328609
24	11.979083693706345	8.004552953984954	10.16301728396647	12.032768197287476
25	12.131693853554385	8.062602706239648	10.265774919251445	12.177248034620836
26	12.208815081071592	8.056336804918145	10.30346631759432	12.249064573492332
27	12.238557644134367	8.067125869745853	10.350256410804368	12.31628412705917
28	12.242803212720373	8.044176843236043	10.34608997449419	12.321053458482847
29	12.232918079261314	8.036642913928276	10.338630954856596	12.323815752451926
30	12.302241853626787	8.03236582051265	10.385793364451025	12.436786055131767
31	12.357745456360819	7.971041295773824	10.349476523717415	12.399632015470974
32	12.39728389664015	7.992385056551013	10.411366574359532	12.492151635500214
33	12.476530405293003	8.014775956290986	10.474873707049461	12.583360859336688
34	12.58739048997027	7.9686387034337605	10.493986821916788	12.654125012459826
35	12.501837275922176	7.984707716581654	10.461618963470652	12.555274442794298
36	12.596382250448874	7.982328001772385	10.52587454731358	12.689174299993754
37	12.645587875575853	7.962309097565644	10.518874726833229	12.694470381591003
38	12.76547588063655	7.989520999031467	10.598571356635395	12.819071628583346
39	12.783454107661075	8.000801282548942	10.62742926002771	12.8336858379861
40	12.85111884786553	8.01034378914702	10.679895302041626	12.920111815768815
41	12.815046862098491	7.999090491058053	10.668919034060554	12.876505044682116
42	12.78695274738751	8.005317855368968	10.672431740528951	12.876185117956892
43	12.877364646293142	8.002050552351443	10.713750032205253	12.963351186656364
44	12.96002836403993	7.993376980117714	10.749925647863273	13.0500862087345
45	12.993397276769489	7.9888011113176685	10.759629037099998	13.047107007743078
46	12.96537866497816	8.012670096796207	10.793428409175473	13.054266658156303
47	12.942661348816381	7.9859709285380935	10.784025148977136	13.033601357958027
48	13.037384442254364	7.976345384725628	10.815589511369108	13.096529427754701
49	13.100038613959843	7.969219203508095	10.841031181161519	13.142447276108262
50	13.009937487541448	7.954832672597766	10.817737057014849	13.078525833506731
51	13.026674043135841	7.959757574563775	10.834599710780022	13.10588096408324
52	12.996242763225654	7.953000295064929	10.82417228083494	13.06018809987295
53	13.082371728760064	7.9521749716254195	10.849661901757937	13.121218984657208
54	13.083722158532757	7.966794765661905	10.899519099412421	13.198474959062324
55	13.07555865748825	7.9610291485239735	10.899166100694663	13.187402594941787
56	13.106590337012829	7.942560542900145	10.891381861213892	13.192905922926236
57	13.11974720954165	7.962231897790376	10.906471867413032	13.182570925534307
58	13.175567355991038	7.949893430683656	10.93019045067992	13.227098109530557
59	13.173231218324789	7.962542504453155	10.947138017168148	13.224598460923733
60	13.189460556742866	7.949620159836006	10.961904186694978	13.264167556010417
61	13.24480781325242	7.961926185242945	11.012551077857054	13.355847079606962
62	13.21330247432335	7.958021629225854	11.00616780202599	13.299317915035758
63	13.159990136223279	7.951096584021519	11.00385078532096	13.283991845526463
64	13.13356938924862	7.952123083336845	10.999684653293961	13.262830291668681
65	13.067983756685507	7.934417199514205	10.963944822422212	13.185018085100454
66	13.167654948036722	7.925568794020002	10.99168157588139	13.28287412172843
67	13.03729260054519	7.921345376658763	10.957896793772715	13.179499045306704
68	13.114910265115448	7.927143228705279	10.973794438320416	13.213502792316904
69	13.08711705556108	7.9159507681018635	10.964756837385659	13.212779814481534
70	13.064961034040374	7.904337010603828	10.960932163481694	13.216919070373406
71	13.059767484221075	7.894073850897879	10.938507110386888	13.19898803551615
72	13.004007727262783	7.882524585563147	10.919338155583505	13.152944713461304
73	13.125124445837034	7.877527321240175	10.932982997028112	13.214733538114087
74	13.025054582887785	7.857104861519367	10.884963538826229	13.135200085787059
75	13.121507614237963	7.873158249122108	10.934485188786566	13.2459312535089
76	13.189668616616164	7.869519436102822	10.960157094328176	13.321483989629693
77	13.03462286234705	7.859393535726199	10.91776576104636	13.195041275600659
78	13.089491814720212	7.834386322679661	10.915053141561724	13.231078184525499
79	13.149880670138536	7.837728485573241	10.915050577703184	13.226962046484392
80	13.163238312152611	7.835665206052001	10.933042863203916	13.256289912341318
81	13.160372743803684	7.841266733127753	10.938795388453586	13.247542264941014
82	13.160782193693025	7.8306125647269615	10.948594577945531	13.290986931743863
83	13.252726290860311	7.84000283794252	10.977096062692702	13.354731304424098
84	13.256113342042564	7.830309929553264	10.965195838576406	13.34871684407148
85	13.33026377613989	7.832260167461354	10.989437389156105	13.465598801265232
86	13.251596169224142	7.833876728528135	10.979855064990662	13.377706453401379
87	13.149729888665632	7.828608006231657	10.945981090045247	13.236180103703095
88	13.205445642420198	7.825216478673144	10.968303846392416	13.356891777149375
89	13.173000155287648	7.808078531966594	10.942275425935929	13.296569196028189
90	13.314656667572176	7.817558775142731	10.981363739861097	13.376838199893953
91	13.256337011485419	7.817813076684768	10.976696468328344	13.322785243654053
92	13.281803916158692	7.813053233664461	10.98659777093662	13.366404078641086
93	13.19125529526711	7.8043997119185695	10.967149416700465	13.272644089943457
94	13.274603077702169	7.806131068401493	11.003350582882202	13.40440836403543
95	13.23726060470749	7.8055161232988555	10.989743786507557	13.345738055150184
96	13.225977264967955	7.800070509891779	10.978524711396599	13.320716893876734
97	13.2695336294609	7.794967558797584	10.98628401272534	13.366374962024821
98	13.282492413515499	7.798710481512188	10.991457599533963	13.354738604946018
99	13.318200174511727	7.797249389865657	11.004222025387763	13.396458642663896
100	13.300230880146444	7.7958716808772195	11.004973989242426	13.378718627017347
