ITERATION	avg. EXECUTED	avg. WORST	avg. AVG	avg. BEST
0	5.704602607643461	5.704602607643461	5.704602607643461	5.704602607643461
1	7.630605191685006	6.65377728696665	7.164266300871757	7.674755314776862
2	8.553111086968327	6.806719535274588	7.726796344400939	8.627202059220696
3	9.53343055120079	7.277058554994799	8.452827906960756	9.581000949880655
4	10.317980658418064	7.619742655367745	9.056923995658893	10.397852744836976
5	11.079657062302863	8.015652478128278	9.669187390308807	11.16859586360313
6	11.511071781615586	8.121253256587604	9.974577476876247	11.653311035345295
7	11.403399364404669	8.01777900178674	9.894888459654593	11.56480499312755
8	11.724339997527592	7.991911228283785	10.033922846653097	11.815702826999551
9	11.926865125488849	8.117644399217593	10.27564531196976	12.12101965287527
10	12.305345735657607	8.250108775714335	10.546049499192772	12.46246503353115
11	12.439605309448277	8.259053722338603	10.665530418037816	12.613502254976522
12	12.665324869378152	8.302029862893836	10.801157387871552	12.827711847529264
13	12.511080685582108	8.258924207910288	10.757539161917354	12.732050157624494
14	12.868183783008808	8.27306550620477	10.909768921834285	12.97843135579329
15	12.735104197754032	8.22807070426391	10.862872329424368	12.88345508382109
16	12.856517692701438	8.326312482857913	11.003820536454837	13.005988693784568
17	12.672493491840765	8.202263896451829	10.920787281473864	12.926069365523821
18	13.020551387510137	8.265692711071694	11.088289762323557	13.168797940236972
19	12.881443463637591	8.220077202817397	11.055077015623663	13.123579096205528
20	13.029975669876594	8.186753549728136	11.080942842413526	13.1794460626228
21	12.990516437050188	8.156273217984262	11.092674385651154	13.197470098204336
22	13.112966279777485	8.173791834570988	11.149300543608724	13.245598406325302
23	13.107604839602365	8.172038495731435	11.159339655776826	13.253889726670657
24	12.924953095714521	8.114013335651919	11.111699329402567	13.183748395306178
25	12.929800081487485	8.052201897328645	11.068293192719224	13.140767111740548
26	13.042959616528858	8.068862520992711	11.144287614582014	13.258471858786574
27	13.054312485421336	8.03633558567765	11.166972627458508	13.367979046071982
28	13.265961079453472	8.014638996077077	11.18412044835962	13.430201856135993
29	13.240499000670104	8.006448303027483	11.188685902597014	13.409714582667236
30	13.314597589529109	7.995279591271484	11.2222546690262	13.500275662704471
31	13.289267442858248	7.982314548089474	11.20912177714531	13.443945008198321
32	13.275605958668143	7.982528625504498	11.229513945004912	13.463131653600666
33	13.219542556675052	7.959643800235193	11.239926791432651	13.497789645539422
34	13.228850734967939	7.945905246487311	11.234217839955978	13.48186909093484
35	13.272264413071568	7.922295707486615	11.229829062976897	13.464009164500357
36	13.108726813671174	7.885678360891368	11.19926198963397	13.413105123742106
37	13.198291824781498	7.88296958090201	11.191661999432137	13.37077228266428
38	13.19965212405689	7.882428351866581	11.210124766184583	13.409357699655954
39	13.16647143955197	7.862843541060796	11.189903907209498	13.405793625592777
40	13.342969986414966	7.866259038682985	11.246602376228797	13.542945815809482
41	13.330518442372556	7.863884125676501	11.239457368256494	13.48433561972833
42	13.328322410325153	7.863508539126285	11.251550882739876	13.525081826427439
43	13.164873376545057	7.849379112957183	11.21698508925928	13.434443237646056
44	13.347157107705694	7.845784569659311	11.248509427213024	13.539247971254175
45	13.217188570713898	7.838863293801139	11.225526426042984	13.425790341585223
46	13.234255850493682	7.83301746272164	11.22567546306699	13.430420705989897
47	13.23134600114074	7.825186898349922	11.22911632338097	13.443264347759023
48	13.301725395279993	7.824124381606276	11.246774774164775	13.49153127219552
49	13.186429162881106	7.7933175894199165	11.221186347718914	13.433826983192558
50	13.390475728073863	7.790557365800388	11.25742428916082	13.584039087021237
51	13.271389158767638	7.788308963238654	11.24326962918812	13.484945443325877
52	13.225381145041377	7.77748211070132	11.234697600962223	13.415095589297286
53	13.376682000167573	7.777259769757196	11.26396172080586	13.541354024396426
54	13.2096143034056	7.751250548978377	11.246440052384274	13.470251079911222
55	13.312525311869337	7.737729081765857	11.254902536282183	13.565812712137957
56	13.376138897627195	7.736314037161073	11.25666848939352	13.54025726280657
57	13.439566001632029	7.7272495675374095	11.276136185782148	13.641262097550417
58	13.401418562363308	7.724860256638566	11.259457395134797	13.58543210280385
59	13.464865657104363	7.724860256638566	11.265947110316908	13.604174528061282
60	13.363422952301352	7.724729801014981	11.266090764187492	13.55058246043646
61	13.435496055928347	7.707400145835748	11.301016858793663	13.73119419979269
62	13.365178321054987	7.706252960096054	11.273328260535383	13.616962155390793
63	13.544691612779685	7.704704185658935	11.306855672069041	13.762923716815534
64	13.440621869611022	7.689281141717251	11.281347496984717	13.622236414446245
65	13.39598717118508	7.679299468569748	11.286593428854978	13.620285268798321
66	13.533400716168508	7.679299468569748	11.311051862854262	13.738712402566634
67	13.406844841386691	7.675712450010479	11.298470792043181	13.642166451081966
68	13.261867397056584	7.6510143374211115	11.295044762352694	13.675161775280902
69	13.507779554940539	7.650784923259844	11.303853660614818	13.705635415235825
70	13.3443125531307	7.624222342285478	11.301088529953239	13.696472023910248
71	13.45036214086581	7.619475047168148	11.302159772279646	13.663381447989503
72	13.3300855727551	7.617346377800051	11.288784993792376	13.534321652639383
73	13.324897091203072	7.616481623466346	11.284411142846151	13.554916195292238
74	13.44312569604695	7.611929884573598	11.298034624106934	13.627341051329916
75	13.433976801580114	7.608317674388363	11.307319744522903	13.65346186038893
76	13.41219203658551	7.605116971390254	11.308689008143327	13.610399488917457
77	13.334018855776598	7.605116971390254	11.294630323097424	13.509562722700888
78	13.383598855350755	7.6043122010587	11.305654788544388	13.5614774464605
79	13.341131607589707	7.603189647977917	11.307382531788788	13.562077375511935
80	13.499705113485941	7.603189647977917	11.332815641385238	13.720551685164281
81	13.429882380440844	7.603027426757144	11.321698921498097	13.638205290213591
82	13.52663407323039	7.602723699134373	11.333382789015188	13.708717445731978
83	13.251827325827993	7.590533108030188	11.307878072280698	13.597817552471119
84	13.418032810171399	7.590533108030188	11.31179190614967	13.601076720097717
85	13.43679832513246	7.590533108030188	11.32302564846716	13.625445443522707
86	13.40895020275737	7.5893876892672045	11.32715815612803	13.581458335967511
87	13.524189265070683	7.5893876892672045	11.343264056532181	13.67190662956967
88	13.419733243222387	7.588156036567597	11.342411202355203	13.631560699078253
89	13.507013137367341	7.584887912540506	11.3495382290385	13.664183030268166
90	13.456645717547591	7.584887912540506	11.354872463243531	13.673147703362648
91	13.302896964576426	7.584142845710218	11.340578527121687	13.582325206001578
92	13.458955413283721	7.584142845710218	11.350134617017162	13.681391733603814
93	13.446958736757168	7.583405497038598	11.351110107446724	13.684198940026276
94	13.546589208257716	7.582431233501149	11.366366386730528	13.772884219690189
95	13.52540373091175	7.582258257424364	11.363860754719997	13.761642912004877
96	13.426125945296755	7.581619025620274	11.352761042967272	13.623100630530601
97	13.443952696186889	7.581604906367989	11.355093724429627	13.639321894582302
98	13.508294510913256	7.581354290666115	11.36334153126167	13.669828206510068
99	13.489792655966363	7.581354290666115	11.365321298196996	13.680443157587804
100	13.464167199139167	7.581124827321377	11.367314587805136	13.6943194574381
