ITERATION	avg. EXECUTED	avg. WORST	avg. AVG	avg. BEST
0	5.853930946419486	5.853930946419486	5.853930946419486	5.853930946419486
1	6.588513033877596	6.362647629821471	6.509630458368302	6.656613286915133
2	6.96837965808853	6.475457647981776	6.775017436691755	7.0725885429431505
3	7.202073747166222	6.468987337478655	6.857314025833801	7.2469929410558835
4	7.767359878275533	6.754289729609388	7.281695011942942	7.797002353998758
5	8.0727947158287	6.965848070513077	7.560163563712943	8.143428282143066
6	8.554976233218069	7.137680123770393	7.8782012091624365	8.611636745620125
7	8.683545948665415	7.1323118659377815	7.9320148104863435	8.713743256547078
8	9.109508502976764	7.326389936351133	8.244678301441219	9.146310209975425
9	9.366567906735701	7.471371797203668	8.488961239835714	9.484547829051401
10	9.3889174809001	7.326934436828868	8.412186618638476	9.446450278328367
11	9.841282736555826	7.553537599067563	8.761597096266458	9.917835820375199
12	10.026303928069517	7.569938097711796	8.888272566574242	10.15301201524706
13	10.280770714242642	7.591295006357712	9.005529285640236	10.374959658106675
14	10.510379261757853	7.627771996337424	9.133672503977394	10.591005672225203
15	10.719594638377758	7.642746889347061	9.23706847540949	10.768504530484243
16	10.729119983601963	7.592435960396995	9.226377751184046	10.783698640178068
17	10.999050277765512	7.662314171179845	9.380753410277384	11.016931092573587
18	11.178183996027407	7.767487573968856	9.53854720954061	11.2038597808391
19	11.155152833210066	7.76790912173261	9.553034516079384	11.2084607551305
20	11.053463108799454	7.719669349208803	9.513578798287526	11.173868660192865
21	11.304162384737625	7.744855790600443	9.63716135179259	11.386878674778863
22	11.483778693481975	7.803968947537321	9.745866532370188	11.537916242399374
23	11.5256301798221	7.760284105042565	9.748539151483106	11.568768485150652
24	11.433913674281381	7.7380438251777575	9.729244896695546	11.530126999591044
25	11.616911660520968	7.775722571787211	9.817464907051884	11.671396855866362
26	11.747905573951629	7.765196824910211	9.874486372022025	11.793042254544796
27	11.786123901151962	7.780640313708216	9.931931493754103	11.88680544001104
28	11.812497632385487	7.748808476829254	9.930363168941488	11.919389449467365
29	11.866388158613475	7.740071188425068	9.950279751978659	11.976098197726134
30	11.895702796869216	7.720060951181266	9.97027572120969	12.054528268469447
31	11.940035812110679	7.599564498082079	9.869780204382106	11.979647756578185
32	12.094445271644716	7.6538196357826145	10.01173096207907	12.206225943297886
33	12.214657526949772	7.664764734317493	10.088477533424005	12.339506818579736
34	12.233750405933591	7.644091101377282	10.087096717173447	12.331437170776928
35	12.330020181514483	7.648674739963821	10.11439702799622	12.368098620280437
36	12.314991100751191	7.642364345717328	10.134198008141409	12.410935574234177
37	12.385809324540832	7.62085327797366	10.129232544230069	12.41567095456505
38	12.46393287749147	7.646351293013516	10.202126935455492	12.529109640074173
39	12.199184651461701	7.605368602873875	10.079621451882563	12.32119751312179
40	12.482613646697695	7.651443124122026	10.224212837815124	12.566901265391053
41	12.476163422353197	7.625025653907368	10.21849941365193	12.548489383686308
42	12.519191890970232	7.629521048283919	10.24477020868651	12.613356530747918
43	12.64164536728249	7.63202212189861	10.307336224945889	12.739661399648453
44	12.537627714330858	7.604393209600174	10.254719810265343	12.656998671338242
45	12.644280308757162	7.631273312399761	10.316050447179869	12.720753034854177
46	12.580139778777442	7.619975270175386	10.308042206281455	12.694289738450161
47	12.740409982937711	7.6107594301604	10.371899611782059	12.835887516758852
48	12.615932547486741	7.5773144328037985	10.308331997766826	12.71953421203891
49	12.702282240652575	7.567579322546207	10.330147728944373	12.75637644886435
50	12.720420255063823	7.557303831089687	10.352618635387952	12.796404243856855
51	12.805768396562302	7.549162892774698	10.382830163439273	12.886623149684404
52	12.656143984625507	7.556635768004522	10.355762808612337	12.747310323270712
53	12.662278235412241	7.536449332866503	10.33368521015677	12.735147164146502
54	12.741667922440241	7.553675245806446	10.413355980938896	12.907662960061767
55	12.758240956055246	7.539630201446279	10.402356688591308	12.89693615495933
56	12.774362588179862	7.5391869963715745	10.399028085278673	12.87919561280076
57	12.75682249351022	7.539730213982069	10.395329643752065	12.846456014636312
58	12.928379093420475	7.528938247621895	10.450880511854043	12.995926709268506
59	12.887400085032727	7.520535538155925	10.435884336653737	12.953833156639416
60	12.933781614815217	7.516133789476602	10.466244941743838	13.023524532704789
61	12.82136610666976	7.514416834195756	10.459857045040362	13.000091906143547
62	12.96198803580011	7.512692781758122	10.496724139404769	13.078183958972193
63	12.960399194154354	7.5091904126236075	10.5186338001804	13.07877590290339
64	12.903893046187093	7.511659236232629	10.511216142606557	13.047243696112018
65	13.004617168502778	7.5000274609568	10.52875495439363	13.095246168623277
66	13.066221969267911	7.481597377172752	10.53795787888392	13.144694089378858
67	13.057176349718201	7.480671492398717	10.547144737599645	13.167378799754433
68	13.008592459787119	7.476040079825978	10.532666516275592	13.102968459815314
69	12.967572825859795	7.476763537056406	10.53077216794194	13.07553547969551
70	12.990898318399616	7.466619599265231	10.546230399083145	13.133969613639616
71	13.004175958193553	7.46999779414922	10.556024812847799	13.13126885496088
72	13.025568247747382	7.464950544922198	10.550114366981303	13.126547835074392
73	13.023746683901148	7.4638276195758	10.54647139114722	13.12057734557764
74	13.021983175340123	7.4615059892582485	10.5439518515269	13.094457003225271
75	12.985563687859782	7.463253025974847	10.555115148598508	13.10393316798829
76	13.02581015158089	7.458242537697315	10.57118540551757	13.174668911892597
77	13.07830146397349	7.463166623578571	10.5907228283986	13.182911037959888
78	13.044879281501986	7.454661228270998	10.588805909622428	13.187080212570525
79	13.033621489887816	7.452188664126218	10.567834872342665	13.124339331721961
80	13.10912619974281	7.4524149449089085	10.592328586180852	13.21531076303271
81	13.01695326337482	7.458466349508397	10.583205220349523	13.12151564911972
82	13.037023894495514	7.461725712973621	10.591195448562946	13.187054691398028
83	13.085499437570496	7.451819213650293	10.606303537371476	13.226931589318568
84	13.024065563136437	7.447845826765872	10.577632127770114	13.136541227894975
85	13.080699919460665	7.454479822784262	10.609977553812502	13.227443308710432
86	13.040052152547398	7.451486104533396	10.605475504366986	13.158492001213855
87	13.104190184184507	7.4492439950982	10.603178757456863	13.166220243434594
88	13.09425946751635	7.458228938097842	10.636435264659834	13.245091901836648
89	13.020661899910664	7.446527374713277	10.610607318813752	13.150581714206494
90	13.0539730772961	7.45031412776552	10.619865115517035	13.134230911116045
91	13.09031527156267	7.4457597427392885	10.626246264033805	13.158802070243928
92	13.063987381997471	7.445173376603695	10.62708068558684	13.160501099720193
93	13.06990590791113	7.438485646100165	10.637194320603864	13.17434545541829
94	13.102563153506962	7.44016172070958	10.655084818339589	13.227695875652707
95	13.204754169985712	7.439857412479662	10.661651923934198	13.291389422399726
96	13.116050471657077	7.433472174432351	10.637795415793365	13.202512778145824
97	13.120460316598457	7.4350176030279025	10.652402968664449	13.22376190691462
98	13.219013192391243	7.433375717610266	10.668055062889215	13.280172031929775
99	13.163598163595859	7.436275941810611	10.666827162667829	13.233758672498608
100	13.139760959600927	7.436985316373261	10.66783176757795	13.213576193845192
