ITERATION	avg. EXECUTED	avg. WORST	avg. AVG	avg. BEST
0	5.84367881190415	5.84367881190415	5.84367881190415	5.84367881190415
1	6.545622344559323	6.3336502784435975	6.481538879967182	6.629427481490769
2	6.936101619329435	6.437877677071896	6.749461674634121	7.061671134503605
3	7.208866473655855	6.45012181530005	6.858205518450032	7.274526257531385
4	7.670800382744877	6.617346506653833	7.160421070598872	7.700494397350945
5	7.878261580658744	6.739205618098729	7.368677355292805	7.998840112983717
6	8.353953135596525	6.859651650548055	7.634791061842131	8.415222521360393
7	8.434822963122471	6.804523547608575	7.645640348049087	8.478904472941398
8	8.834924944992062	6.973925967084158	7.935478725744653	8.887564244845986
9	9.107221679688179	7.110864436687328	8.180809782377482	9.228829461748557
10	9.105609947467892	6.959332391163997	8.100550830183813	9.179761134766517
11	9.581288009924142	7.17592699362311	8.45259878801824	9.66776414415994
12	9.78007703988875	7.166942823826508	8.570903922460655	9.902062582187673
13	10.086247218093815	7.231959240666208	8.743795255418132	10.197737342144176
14	10.32679494756631	7.247351710723377	8.8585340168094	10.40952769860178
15	10.526556149233647	7.267774262273621	8.968054858067623	10.584738322555829
16	10.628179517689487	7.260991814713637	9.029734320185634	10.705608543321928
17	10.842011295595178	7.283595905305402	9.131944239440898	10.880450937753908
18	10.988984402737575	7.35138429511016	9.253825405306532	11.029867394354529
19	10.983342098638763	7.315720641512855	9.260457549992983	11.062626088039094
20	11.104243053369348	7.346425263857979	9.34858772082979	11.199793966947304
21	11.27621161147389	7.388825279861054	9.455547707814272	11.362854394116988
22	11.555291224663536	7.4803984028024155	9.63432581533255	11.61098378155063
23	11.535727116063068	7.439482959254405	9.608859914658021	11.578387045391448
24	11.564131534345934	7.457998887044525	9.65057853615219	11.635837385363006
25	11.78934631375108	7.501442531186402	9.769327602320727	11.839768621712553
26	11.802192644623327	7.493406370150312	9.78316155387061	11.87086142556963
27	11.845453083088609	7.492000675909626	9.818618134423126	11.938183438992432
28	12.006553301889431	7.489347346007407	9.885228092886532	12.103020444432147
29	11.921068121900884	7.478342890608835	9.853040525955848	12.061890688261203
30	12.026165918543773	7.470912449484103	9.892263265187607	12.168191042880107
31	12.103873734219263	7.437908180378506	9.87660206095617	12.150240014967107
32	12.160607077293363	7.43982109467592	9.94515865406458	12.295242713752748
33	12.233961128237818	7.434212103591034	9.988534797241567	12.401025899446756
34	12.265989318904202	7.394742999855855	9.96633125313511	12.37061258915713
35	12.163073564809423	7.333095060052106	9.884661899623756	12.248494981065882
36	12.27840892050512	7.346941825330935	9.9589979515296	12.386693247409298
37	12.402189549173722	7.351478312409664	9.989322905395927	12.442936806076398
38	12.477128264755203	7.380577252341941	10.061491372092583	12.559353842055271
39	12.439610021435122	7.367544807025873	10.03888031140771	12.509279708010615
40	12.498165392118224	7.389241405487741	10.100851266075205	12.621379065840818
41	12.50762655320329	7.35809073123029	10.092259930194457	12.605319201761334
42	12.481528031847109	7.356930005187206	10.100230582823489	12.606065093900844
43	12.558199594800362	7.340153903480063	10.126037539572273	12.6804811885326
44	12.614509007612495	7.337254916562198	10.164035805198216	12.75407466910166
45	12.688134566945205	7.328424008555521	10.16804794810083	12.764348201933302
46	12.666031688517457	7.342535024927919	10.202255081891522	12.797557200502336
47	12.813455903163279	7.3200180123783	10.246588226697291	12.915343445165233
48	12.69465737983456	7.278974439618247	10.18842627696297	12.793874998403997
49	12.879421248889484	7.273601139944091	10.241779438524105	12.919710947990016
50	12.796068002058473	7.231362040380221	10.219086491153476	12.915244406767151
51	12.963830590028866	7.252656706857714	10.290635543357189	13.054580384801461
52	12.861119604881189	7.234239111623609	10.252742988039936	12.936609189778467
53	12.857215278053877	7.213996192606043	10.246773661804303	12.91134899520196
54	12.898522490141392	7.254199802403833	10.33228260339816	13.096202933488659
55	12.93361610214059	7.229290089898853	10.307551144297621	13.103910041921035
56	12.828821497324249	7.219982229561773	10.256983026636613	12.986173038738949
57	12.93990110394194	7.229637369731868	10.294355980308357	13.036628140215788
58	13.057183397603989	7.2008406870397295	10.3172257863296	13.136240775845403
59	13.062044252471102	7.211718655285178	10.335164292110957	13.1454936838934
60	12.966636753245293	7.192338603913989	10.305704143042417	13.076302521917642
61	13.09725709600327	7.196608096899005	10.36614784827916	13.192109308050872
62	13.082329360024177	7.202249460537024	10.39519416280127	13.245425215272114
63	13.116294955625703	7.207493450455066	10.437476686042633	13.303296729354436
64	13.072708792125187	7.191565566528327	10.39846751424603	13.21728993966749
65	13.106528168940065	7.18205793731953	10.405210688445468	13.224292080061252
66	13.12747618809993	7.155800532112943	10.398062936963669	13.227159987570719
67	13.128293183198997	7.177440435312001	10.427829621453595	13.25709589412681
68	13.099544464171046	7.155149167905306	10.403567741248759	13.208788768765865
69	13.209698480332136	7.168474392933455	10.447765505143794	13.310136909404752
70	13.184199080321422	7.148438783262088	10.446618173612153	13.321740805960772
71	13.165883767695913	7.136423004474922	10.434898835844175	13.324727507308
72	13.144851999064965	7.134104365531474	10.429308627931999	13.312553724543207
73	13.147804133674624	7.137491708011838	10.4122737674952	13.248136887001559
74	13.18282800802285	7.118960208888995	10.408355309988593	13.268728836943994
75	13.158786860840813	7.109605903300494	10.410349412690442	13.297830339664333
76	13.129294464284133	7.107413166364356	10.419019037547512	13.340402982681123
77	13.137063111366524	7.093327177137522	10.397636540432817	13.291948998101772
78	13.159390988379513	7.077618675974149	10.402211027342151	13.358271469144508
79	13.200825475117773	7.079565274330678	10.393331878335337	13.325525624907076
80	13.223556747166887	7.0811667236355245	10.40584993407899	13.366683218813092
81	13.260376491335958	7.0960853835823166	10.430718902469954	13.376004218338108
82	13.207971959574621	7.092298032408766	10.42218053325123	13.363628757067387
83	13.212499435982354	7.0901864422773615	10.421567981239102	13.383950885178331
84	13.229327778754099	7.091470669859993	10.423338788521328	13.357846371862754
85	13.237468472040652	7.081113524560599	10.431599871754198	13.430081566357412
86	13.159749428092336	7.077095342074729	10.408354621465921	13.358311294696088
87	13.31434290808242	7.084915830170798	10.4364919633718	13.40308814379522
88	13.221591575119799	7.083606690282567	10.438092082657993	13.41254874437554
89	13.228324310034022	7.064831000769226	10.416886938816146	13.359573048024385
90	13.299583746227107	7.06927984411185	10.439766477498369	13.383740836418282
91	13.27894539957131	7.063864319551006	10.433714485555052	13.349916057010917
92	13.26005055027615	7.064955205623564	10.441998856966793	13.377858690141416
93	13.200154768655823	7.0504173405472494	10.436422593913685	13.350895648884304
94	13.23195535740454	7.047682477059106	10.447751751598343	13.413040980079751
95	13.304047813822391	7.043217726553544	10.436216123764913	13.423172690183463
96	13.275344444447759	7.038624159312346	10.4233317883507	13.363441374154407
97	13.293923792646245	7.030675839282251	10.435310068562805	13.441217678773853
98	13.280160437412171	7.0368990523275725	10.440725458518116	13.399824026711586
99	13.35208541153292	7.0333500269780895	10.447505298439568	13.443267347055091
100	13.2486933693462	7.032541975367868	10.431190568742762	13.395250392866021
