ITERATION	avg. EXECUTED	avg. WORST	avg. AVG	avg. BEST
0	5.840948081344558	5.840948081344558	5.840948081344558	5.840948081344558
1	6.4877523362849425	6.306914678156203	6.451679025123877	6.596443372091548
2	6.845568227899466	6.38148080463251	6.6905770705748075	7.000298798824368
3	7.0399372236375415	6.3184252925134095	6.711832337375115	7.113410469630262
4	7.486602330089284	6.504995074162666	7.024063629897954	7.5423732910468235
5	7.75051015803154	6.645602544243661	7.251734192733839	7.857856227879845
6	8.131376421367527	6.69657176462964	7.461658827112371	8.23725398128934
7	8.224515949116972	6.620271331510622	7.452129576462021	8.297913381515064
8	8.603129592009388	6.774318436079631	7.713172295355492	8.660492702002665
9	8.84933447926317	6.898086040851627	7.946222739249319	9.00978876604161
10	8.827100909648815	6.705999588259859	7.819314553019047	8.910760569727088
11	9.267245293066912	6.895031939431146	8.14417229282548	9.394670183060791
12	9.443160896106559	6.864874918814743	8.227074435329657	9.588875533744709
13	9.726250354676292	6.928368145550683	8.377790349643448	9.854460985592961
14	10.040760171418006	6.971992981507996	8.532967484375444	10.137951949297824
15	10.208675666580787	7.010246492714873	8.6364331026901	10.299574705870988
16	10.275850794804242	6.965224791190542	8.657153121588342	10.381412534054478
17	10.441360415886585	6.966896585805901	8.715671423653031	10.485934751659821
18	10.580463765206265	7.0191378764403485	8.821675008475628	10.62432167996219
19	10.535938510582678	6.929831557910984	8.784639202169279	10.62332013660055
20	10.627954178969787	6.947997814443872	8.85237879718782	10.753710758443502
21	10.852932521485322	6.999942923213282	8.980891465872	10.963159592691241
22	11.06640778533149	7.0774506013380885	9.125057225445317	11.165526683965949
23	11.088870011903131	7.026607763740954	9.09697480704259	11.155375828684399
24	11.137467820929402	7.034342995362861	9.15164631926464	11.25196563563545
25	11.271115237979132	6.988202400459799	9.172942054254865	11.34254346686216
26	11.343368514995758	7.001821203341375	9.221568640047634	11.426404364891741
27	11.477412348518863	6.9895282250782556	9.295803830483974	11.58620512137001
28	11.532904230764194	6.956910297820502	9.294922248673068	11.638001149358066
29	11.4734021119852	6.932001673578188	9.265186179518073	11.619562076041456
30	11.561669069498674	6.9378306209157	9.310830360543248	11.731622367637502
31	11.658165483378282	6.893826065106224	9.282187377914356	11.713452711803251
32	11.64406219351744	6.876752027874682	9.316066042083612	11.806504215736377
33	11.707086757874942	6.856201905973422	9.34955025603933	11.90646604722087
34	11.81199074297728	6.828939232232115	9.350152380675986	11.925852188356172
35	11.841749949405475	6.797052497358182	9.331864001802296	11.890923701290475
36	11.929911336687136	6.814895023227242	9.415777584234837	12.075539726319192
37	11.975863064928246	6.79694978089591	9.392584827020315	12.024818034363564
38	11.912003785646105	6.761037611581596	9.365077250517587	11.991392060998514
39	12.120228803917852	6.7912013993248	9.482312358961073	12.223006179767154
40	12.24323863569513	6.8264735647427095	9.563257249533264	12.377584951890332
41	12.19026615248082	6.792527923057976	9.531679992834988	12.305289872558777
42	12.301439673186422	6.81871383003791	9.609065250776359	12.434922251384396
43	12.336242729646742	6.778592906083493	9.594568821971844	12.466781818287354
44	12.262386646712674	6.779198238128652	9.605325965319441	12.454110219064711
45	12.327373511607412	6.7447310669011316	9.576498813867554	12.438519980654894
46	12.414447938097524	6.76600646710968	9.649030461915684	12.560827114492929
47	12.406079741624364	6.72115590106438	9.629828291471236	12.54112242339329
48	12.358647834458242	6.677630113524484	9.587383147956794	12.469032142995474
49	12.522822394078892	6.688203792805201	9.645954433985212	12.57309575111703
50	12.480260835441474	6.65372899783059	9.638908226159907	12.60020354780957
51	12.53371029627778	6.6511502069436865	9.65323815644241	12.64492419906686
52	12.510093847755611	6.6381819174792405	9.648869529654482	12.599184915920574
53	12.561804910583424	6.634301194777528	9.660968844386584	12.625122702200017
54	12.630850689281	6.666323196289557	9.744170908015624	12.808369352698385
55	12.638274529345685	6.646843108942108	9.736254599346605	12.825449383454107
56	12.677294692131658	6.652852705020205	9.740739802251198	12.830078845936557
57	12.726504535140467	6.649942298440163	9.737706291379418	12.820476066174644
58	12.830486276785104	6.625321617546265	9.759614153737154	12.918321354271187
59	12.842601088631767	6.632149382097422	9.777700806588179	12.930112996674563
60	12.75972707819464	6.626438842181637	9.76486521024364	12.909578003643272
61	12.870689080478268	6.628807678560824	9.823349737341696	13.022706074808896
62	12.833510827251317	6.617780860129242	9.815267799800456	13.014679549222414
63	12.780877759093055	6.60288746055723	9.810843083234044	12.963884602721908
64	12.8833443735668	6.607550055379792	9.831192773139971	13.046758311619739
65	12.89339051541709	6.5943051560759995	9.820662531044421	13.008033507145528
66	12.827081867133787	6.586736047484654	9.821542243038673	12.973947566389935
67	12.841600038159545	6.580141033850555	9.819731197514999	12.985513589292426
68	12.896779273249804	6.568643758654041	9.827834924948023	13.040637110444518
69	12.842205420246636	6.567600499278321	9.813364837388715	12.98145742212207
70	12.950987133953664	6.56573546126072	9.86751930608312	13.126461737918062
71	12.930384517979638	6.5565533927774435	9.844329752844592	13.107394397829768
72	12.987333911742132	6.558799115386607	9.857579036132446	13.151963157382676
73	12.96646812183358	6.551200844246152	9.825623363396954	13.081325203607353
74	12.935122742585163	6.540533949488495	9.812351925433	13.041426020762405
75	12.89429164726011	6.544006242577329	9.82909951418428	13.088487632320405
76	12.861133952233192	6.529068901801443	9.816154035092525	13.09532927828036
77	12.962695594027874	6.525284884335258	9.829193333067964	13.151450362796332
78	12.992560737282753	6.511283299386885	9.83387914197153	13.18214481553246
79	13.004160529541526	6.514835756040368	9.816153205179285	13.132014125172958
80	13.113356292391009	6.5119246371589155	9.844580694445302	13.246296851563272
81	12.970879214317533	6.519106466691916	9.836575745833578	13.106666579368259
82	12.980692775605558	6.519461636395402	9.84078261994543	13.13620633121695
83	12.943768632406828	6.514752027815556	9.842960490639152	13.16718705655271
84	12.992063082712791	6.5038827390018525	9.823661468499937	13.158643385247139
85	13.032509311763363	6.513396049013801	9.845572053593429	13.240316328167184
86	13.054365585474006	6.504423667190218	9.842804375949047	13.22043155168138
87	13.087474261657269	6.518018005681087	9.852750645381818	13.18984125965085
88	13.01145537738012	6.51705183260982	9.862497095611769	13.241213671330108
89	13.118283120367273	6.495413466304974	9.859888294261069	13.276655001656454
90	13.116482510744097	6.497138630856108	9.857986549205807	13.217669433623186
91	13.11505552197268	6.503126072792825	9.869298176447643	13.223404340797261
92	13.021151247340446	6.495100480728903	9.848964557354893	13.178903260171438
93	13.0552598214156	6.484938255402271	9.86991732513967	13.22144335648844
94	13.112499478401288	6.488900416069324	9.8917545665686	13.31127793875842
95	13.138283394370427	6.489953910929353	9.878557044358345	13.27817720872902
96	13.166237787157645	6.4873772249682125	9.871567431643685	13.250595824685822
97	13.178773744915544	6.49193070446101	9.89621933339435	13.352950748573289
98	13.18904794045505	6.487210826679636	9.886574801564786	13.318326667734738
99	13.24878540332162	6.4892652959213954	9.89283578339664	13.324314939587113
100	13.179089946753592	6.4882690010404245	9.887949429324637	13.282056808985917
