ITERATION	avg. EXECUTED	avg. WORST	avg. AVG	avg. BEST
0	5.719444535152744	5.719444535152744	5.719444535152744	5.719444535152744
1	7.629728431581188	6.665041471117958	7.167018037622744	7.6689946041275325
2	8.530198040512218	6.812176982581264	7.720396345586412	8.608366938067759
3	9.426980235488136	7.1958069967544445	8.358997213413764	9.473212973603587
4	10.330065838087572	7.632193418383116	9.066959134607051	10.40515340742557
5	10.949718410049577	7.9384727481704696	9.573058985313367	11.051996434601532
6	11.372369395273985	8.037771587591218	9.87279798573612	11.532276989988357
7	11.501907929502131	7.997382328701463	9.924294419683353	11.627319341601419
8	12.057413680988017	8.2030090791333	10.310084568632549	12.146400799343096
9	12.071599736342826	8.168025609439898	10.37467377443508	12.249979543777426
10	12.450328811933408	8.32180110020127	10.6589609978937	12.601245021688305
11	12.311221219345068	8.282395075614497	10.655280877798639	12.556861808229156
12	12.65398432259481	8.278365957199481	10.789394591129122	12.8215361970236
13	12.277525000214167	8.15501978285311	10.619070854691568	12.559501310274841
14	12.760915492731739	8.168692492984238	10.791376688815147	12.879673340689182
15	12.540110339742562	8.138731747650427	10.736099739850758	12.76400007694141
16	12.458292385293749	8.141934978807079	10.72899050570006	12.666269783875522
17	12.649809614649435	8.049228802885494	10.785920112560568	12.85279991825945
18	12.580080109684076	8.072012743912735	10.794501394484362	12.80754646879046
19	12.69887860838188	8.070385027231213	10.86857384344284	12.944592045842086
20	12.773028771970301	8.037128991237143	10.889520860869826	13.033651995770219
21	12.644827096548136	7.981351735179842	10.81623471350704	12.862383490652114
22	12.880100676594633	7.9862111133763545	10.913923467683	13.029418335049142
23	12.91198844943659	7.962581178465556	10.916642193708842	13.063488779053461
24	12.879189392936741	7.945712333905679	10.953571784518022	13.126991559938455
25	12.8174397951975	7.890811305692066	10.927024512265463	13.162658749533776
26	12.850760098736124	7.833617219180483	10.891830522640308	13.106692226862414
27	12.939329672479618	7.824206643469841	10.925332509703853	13.192875822738939
28	12.95256253945466	7.787090708956972	10.910379197935054	13.174498644472164
29	12.807686844257942	7.740278771612513	10.837581952389177	13.020940220580405
30	13.084874607520717	7.757084184162093	10.929106991173564	13.281598159722304
31	12.910204397553876	7.734698219015353	10.864586857337178	13.12524980497945
32	12.989012497973315	7.733975363517479	10.908985961227229	13.203765639017806
33	12.977746325176579	7.724779450266613	10.935816497005346	13.305577883008489
34	12.975976566442766	7.7013717860224675	10.913012130034303	13.271253614723173
35	13.02592125899388	7.686083118614903	10.924722617278313	13.275488620794466
36	13.034839973697823	7.6441451019877125	10.922798329205484	13.313652289422103
37	13.044956925040566	7.639558943812238	10.903560567380014	13.248272378456164
38	13.01649400187697	7.623470121821528	10.915799947812317	13.342920320861499
39	13.087908106683583	7.599358679038784	10.905682253504732	13.358087991237992
40	13.122876749454246	7.586677146016635	10.91365098992349	13.406045475986737
41	13.054101133650443	7.581700454126077	10.886938472283143	13.248674031836408
42	13.11175376408948	7.575047927025489	10.901784967527426	13.354325819089961
43	13.008806872531329	7.558358897335019	10.877318168904873	13.301010492990287
44	13.120350884131458	7.551749437838572	10.890089199704224	13.338704684504178
45	13.070509962789485	7.547090285240752	10.885736110690495	13.305776434914955
46	13.175274500571065	7.544294153095009	10.910476678449129	13.41642756562162
47	13.099546853054477	7.538036368313422	10.889819315020153	13.36686937909082
48	13.215107569841164	7.5279364990279545	10.911752261365645	13.458411259461121
49	13.264337554936208	7.510394101576766	10.918996068524404	13.490257377168902
50	13.149242462909251	7.503102660156383	10.90720571084141	13.418122065511067
51	13.14209693425587	7.502650578585366	10.898591054936011	13.368243552173535
52	13.22886046135005	7.497075905940215	10.911720432792187	13.442609699502585
53	13.2422587833605	7.497075905940215	10.914788548108517	13.450970518685551
54	13.179117927524187	7.493820957713322	10.91920834972529	13.403727290041873
55	13.199627864889065	7.484125868221581	10.923330923659096	13.429555325395889
56	13.132754016318504	7.475147123022265	10.90936582800107	13.373129744067747
57	13.320208290312667	7.465473834770512	10.942811747957245	13.53083341824471
58	13.223499565422616	7.465473834770512	10.919769585815997	13.402750544549093
59	13.220290884636318	7.465194753055977	10.918727214206736	13.37876089560473
60	13.119223570347659	7.460295082792178	10.918681798121131	13.377405441595881
61	13.050358947622053	7.450073699312921	10.919647131326043	13.403255202438892
62	13.263169750962204	7.4481933948722086	10.937690875519245	13.467256833549929
63	13.211512549474039	7.445363465769083	10.940170683735598	13.4848223021915
64	13.17294710403809	7.4352920284553505	10.920198359386179	13.375414535906215
65	13.086052310634821	7.422166191220559	10.922846747677859	13.402740376220978
66	13.120532120079616	7.417398326984906	10.921387554084678	13.45358407038614
67	13.219347158262169	7.417398326984906	10.926923769413285	13.425591022274654
68	13.134754709739992	7.414864001058903	10.937885926468338	13.455650900808752
69	13.21907431567099	7.411696656985445	10.932967451827848	13.457984161591177
70	13.236972895831913	7.410330808462131	10.947818787325133	13.496431917779336
71	13.365041617010153	7.405414576802741	10.963783164242228	13.538708870283111
72	13.028904532812195	7.39590503425139	10.92541810760371	13.363927870621113
73	13.057577254725121	7.393158922667603	10.912325036275126	13.356214075168921
74	13.080631029631926	7.384673008327014	10.904739917513128	13.298771083436275
75	13.004933092496932	7.375287340130839	10.901837817037407	13.351246351258846
76	13.240616919624811	7.369231945792232	10.923966525000784	13.469487527429536
77	13.277468699681185	7.369231945792232	10.924700473733365	13.498970828325856
78	13.171934854785027	7.368691659649795	10.915773552039877	13.39447694193544
79	13.153687634071794	7.368140711126473	10.917464407474265	13.395701940390003
80	13.287687011406604	7.367452148457843	10.934841425967102	13.514518521515317
81	13.241730033935692	7.365831108038217	10.928223914574884	13.47104605953026
82	13.305141598043964	7.3651250848153875	10.938863410323918	13.544399381328041
83	13.321387150992676	7.361915583273233	10.945483756735246	13.576398048961703
84	13.229379700053817	7.361749777304698	10.932051041642628	13.445341104657647
85	13.246408384838281	7.348262277264045	10.94538321433521	13.555384478475228
86	13.359919391854087	7.3476737714900215	10.954797869687658	13.572879015648464
87	13.26156422794088	7.3476455105891665	10.948127444405443	13.479212417982238
88	13.360992461285312	7.347221836105532	10.962841973937655	13.581321600188163
89	13.311477864759441	7.346935794513837	10.962866005001842	13.502827309670945
90	13.349527860032577	7.346935794513837	10.977031297608296	13.601797342314297
91	13.288460620329365	7.346935794513837	10.9697587112363	13.49310870137053
92	13.357073410748505	7.346911081360372	10.980329868044205	13.578581053031623
93	13.313760159258193	7.346197901196744	10.979781017500553	13.527054164157951
94	13.452693709668516	7.346197901196744	11.003444388506807	13.663788461227744
95	13.394851028509901	7.346197901196744	11.000889692753175	13.636490657013502
96	13.34326455383786	7.346197901196744	10.994357624776159	13.554012958279001
97	13.344193319741128	7.346074303322123	10.996817995858745	13.594231632895248
98	13.299442987204161	7.346074303322123	10.992005564040479	13.520282116516134
99	13.392699422357726	7.345968377396076	11.00305930511769	13.57867275748315
100	13.232994995575941	7.345209313781267	10.990840120060898	13.493354563156924
