ITERATION	avg. EXECUTED	avg. WORST	avg. AVG	avg. BEST
0	5.770605754531727	5.770605754531727	5.770605754531727	5.770605754531727
1	7.60995170253973	6.671058638535943	7.171181642782591	7.671304647029243
2	8.521187862666574	6.83476008685109	7.730282593363053	8.607066700640512
3	9.319178410591148	7.234148734502074	8.33164072880217	9.385056889714324
4	10.035174314621324	7.443927513342939	8.831292602516237	10.127355955712229
5	10.768295251267004	7.8468333912745	9.433136170359687	10.872048364173429
6	11.24943400711182	7.95693139608079	9.762230358457861	11.414338755981795
7	11.315450882412515	8.002144593503061	9.839340616915065	11.496346983964505
8	11.671785900676186	7.931814360845673	9.95577308336689	11.757307922051659
9	11.642804562428028	7.917448273968096	10.030303217719391	11.86644814476821
10	11.731331348155415	7.898641454749424	10.097260874814177	11.965802746661758
11	11.93108024669453	7.899483866102804	10.225675368853752	12.147521017507742
12	11.996827542623507	7.8107832468673	10.215344333859678	12.19762608684988
13	12.075580584014473	7.861300626393397	10.304178159160422	12.277120278504338
14	12.44845006906644	7.893419509073904	10.473031984120986	12.551177208782235
15	12.401767726405316	7.902095201342803	10.51945810447758	12.631326472582753
16	12.662013381216365	7.983194204743468	10.672917310073272	12.79550896254261
17	12.499969203184678	7.876674621114482	10.604451113693871	12.709006222713137
18	12.718436882437857	7.930206041386194	10.739113504545129	12.896046039607375
19	12.507126156278714	7.84943568738145	10.635891433886398	12.726960574065604
20	12.640724299070701	7.857738343261564	10.712369497795974	12.90185976473389
21	12.785495330146912	7.822372315798124	10.742945896531188	12.956429844597139
22	12.714580701212721	7.7912373279520795	10.719390613262112	12.881303551059698
23	12.637493179153891	7.777844061138378	10.70009921483939	12.863132210056737
24	12.812002785405088	7.76448140521803	10.785450499919818	13.055230986247258
25	12.505076726931804	7.690451495617495	10.666114339517224	12.862244598820642
26	12.746650229297817	7.626211508290427	10.67502281871602	12.94621151958929
27	12.83890995088014	7.625247925924403	10.73083528594181	13.07239447323758
28	12.948002497905753	7.629416004509865	10.773470315240631	13.138067811017773
29	12.8027185725633	7.60754513309331	10.738009495336152	13.059227161555038
30	12.943448384303608	7.607080951919059	10.773293514531233	13.147583808384686
31	12.94655004028282	7.597104370417001	10.777234476300837	13.167294162024382
32	12.913247146245741	7.588196253693261	10.783947398952968	13.179741853864282
33	12.851213753091459	7.560593480952258	10.755337803551786	13.188253234743955
34	12.959620975358343	7.559737223541277	10.775865215013159	13.215810705192727
35	12.860785374781445	7.527710417476054	10.74771482115077	13.149489147128357
36	13.056410188458058	7.495164427387285	10.795476627611967	13.290672963316114
37	12.99445720882846	7.48552128240707	10.778217641577955	13.264385482516653
38	13.041819914907009	7.4835240803103265	10.798977271279531	13.277405344280988
39	12.965821579842128	7.468624046681741	10.772481258114311	13.2177255120567
40	12.903505349165684	7.467118469761048	10.764970924683787	13.208029632924758
41	13.04777534004683	7.457633093187198	10.769869742091911	13.214772481784482
42	13.01045060171107	7.4420308008030185	10.785312611787164	13.319809978171243
43	13.114901395438572	7.431660448041409	10.79362498263812	13.372883957412743
44	12.982269670548758	7.419602940003546	10.776351546214736	13.32331143169466
45	13.081350309238903	7.41624078667655	10.774305759428138	13.31962350947217
46	13.004141086732728	7.407994681912204	10.75871145107386	13.290420210383958
47	13.10864305362525	7.407994681912204	10.7739402372191	13.313068521336714
48	13.043794360992697	7.40512805498654	10.773259936945458	13.288769305830805
49	13.201689567360184	7.384658022203814	10.797058566913796	13.398556667752672
50	13.113682704086136	7.378635363025572	10.799141040216846	13.354491060987279
51	12.996521811198399	7.3764861084674065	10.77593984597796	13.294117058852423
52	13.101052415335896	7.371278941641549	10.786144577785059	13.328812997826542
53	13.074059428954437	7.37107096642475	10.774126875762457	13.309464280456613
54	13.170862102008014	7.365381103962658	10.798510275860904	13.349913443698112
55	13.132048724664465	7.352697695639134	10.802251006412481	13.370203461862742
56	13.173133573920435	7.350420310759525	10.798287629677894	13.3562168070379
57	13.016271933697302	7.339507744621902	10.780190365160271	13.301138104968862
58	13.12193290899556	7.337696315843044	10.781459080674368	13.330753419261027
59	13.139558456793699	7.337470578606546	10.784244823139236	13.30936622381979
60	13.086423038641561	7.336750485011662	10.784672017453458	13.307423796010903
61	12.989096985355731	7.32311619599615	10.788781500867943	13.369959139311783
62	13.120821992986308	7.322915025713553	10.794853709380295	13.364474392957149
63	13.159164807210926	7.322915025713553	10.806951718105928	13.403872793058868
64	13.070197053327803	7.31339100538576	10.780356726421982	13.255281983005116
65	13.16839464205718	7.299226388137224	10.812877706809163	13.432066067519271
66	13.15352170102724	7.297156364181774	10.817292304613837	13.451386469335684
67	13.064096838548412	7.295889017721938	10.795956792908353	13.335535344096801
68	13.18911977718538	7.295889017721938	10.831189148363036	13.450836083165074
69	13.24284048523699	7.295889017721938	10.839341720329887	13.467344687569662
70	13.109927643293755	7.294018133701862	10.828215393834983	13.366424107642667
71	13.256501186879111	7.283882519739467	10.854774635505661	13.501244630137776
72	13.123746792126356	7.28370614009087	10.834922225275273	13.357885007710083
73	13.146200511832403	7.2814005931533226	10.835037593752737	13.376445367989383
74	13.19321023137762	7.27625663864542	10.83745694482876	13.36714900869608
75	13.122282250448267	7.27374215710427	10.846225058399188	13.408892635932961
76	13.091772477265529	7.272160892596814	10.836716683114528	13.291330547993185
77	13.149041973909432	7.270875870139233	10.842559942639609	13.33212241520546
78	13.162422325718124	7.270875870139233	10.855061595325967	13.362305868610656
79	13.212064532596008	7.270021761732671	10.862131604603402	13.395901140930114
80	13.184665688007522	7.262744860718616	10.871844892605068	13.52600581803755
81	13.179737414234452	7.2610971257120855	10.856539949641551	13.394921709953746
82	13.292562109404	7.2610971257120855	10.871318732873227	13.490741166325224
83	13.188558264966872	7.2610971257120855	10.869239379707064	13.418605043546451
84	13.240090706659624	7.260984130452889	10.870971429550389	13.446144806259701
85	13.014840697309795	7.238630746401568	10.855737074396327	13.399871228819434
86	13.207448186357876	7.23803446984533	10.862958106149566	13.429174171039765
87	13.134367548421913	7.23803446984533	10.86253769953042	13.40410028663828
88	13.167384515995506	7.23803446984533	10.861645241841376	13.392784427220906
89	13.103602109130176	7.2343515892343495	10.857700258164686	13.355533449777576
90	13.187271937380578	7.233864258881897	10.867138262903856	13.416174119367195
91	13.19009054123054	7.233864258881897	10.869409733297317	13.428045362623072
92	13.060913377092247	7.2323213290069415	10.855192404119098	13.355989544946267
93	13.196051458798106	7.232204841723333	10.865607571349285	13.445065162951321
94	13.09743958840171	7.2277548812714185	10.86038571740448	13.419356783477465
95	13.205946179424183	7.226558282308625	10.867544036748843	13.481555992523269
96	13.264878912340814	7.226558282308625	10.86684545230605	13.447431522828222
97	13.089975996017788	7.225205960104578	10.85422481563132	13.3805329503032
98	13.247211858557106	7.225205960104578	10.86387646930028	13.421907425248758
99	13.207612244050663	7.224460750407033	10.864517368321868	13.431278847955678
100	13.210043574035563	7.222137738747925	10.870620135884536	13.478813095784158
