ITERATION	avg. EXECUTED	avg. WORST	avg. AVG	avg. BEST
0	5.740300637412714	5.740300637412714	5.740300637412714	5.740300637412714
1	7.655476271574041	6.688435514264948	7.1935045858749325	7.698573657484919
2	8.570925917660679	6.839686118565513	7.753889735065656	8.648312726111335
3	9.504089167988916	7.2695113085459635	8.433949126836	9.55468658041491
4	10.340101814798098	7.642500772915433	9.076804420406354	10.420509356416812
5	11.03845720824369	7.994058183694593	9.635859538994534	11.130117425225444
6	11.468870941635847	8.087579243205973	9.934447988872236	11.615702928341472
7	11.552238545768446	8.11441839098486	10.009260247995531	11.695865196495118
8	12.013441065109257	8.207270839882634	10.280098155022547	12.098900353687268
9	12.014580257785106	8.202391957577364	10.359078926514375	12.207090007094195
10	12.210530498822504	8.246262422580935	10.504948802788233	12.391728759251762
11	12.260987848024575	8.238778366483428	10.584668115634074	12.479387299098937
12	12.567863349007029	8.308396728098014	10.759876599746356	12.746604218515746
13	12.47313547389747	8.253996460343457	10.73024371719865	12.694539780318712
14	12.618880564822897	8.218660771237467	10.76475477902688	12.741334550439694
15	12.520099845891092	8.177688232006096	10.747801260070702	12.734710042433912
16	12.522014253078975	8.217035697678513	10.802025875770285	12.749053429094916
17	12.637038470898565	8.120391996171664	10.803708818798027	12.80329110995859
18	12.777033913718808	8.16454853810175	10.910424907446824	12.951265755514298
19	12.71392910155939	8.144711299698892	10.904841164435759	12.89917367586549
20	12.721895117065012	8.119035989084198	10.90844928138519	12.914041758803197
21	12.585720502038543	8.052587961931879	10.855160418862633	12.850957301782325
22	12.830541520346506	8.042273665484954	10.929441479234587	13.007937725116538
23	12.809570099139998	8.021701493119785	10.905539393768635	12.965864861844027
24	12.897706454283965	8.035690884760012	10.997996992270046	13.136381644659252
25	12.927435952386835	7.996902033178147	10.985562382439134	13.115398844017358
26	12.852287881834783	7.959455973255342	10.954592597580662	13.036930517081098
27	13.113503409620321	7.95882999351622	11.06979656875594	13.349836086395431
28	12.964553760113697	7.924017576601556	10.98993306304664	13.157784655111204
29	12.959741566576618	7.893352650286458	10.98762777925306	13.147757261050188
30	13.113584084586	7.900047366232025	11.05088341685994	13.288169612760964
31	12.861099515449	7.860100661536012	10.958299140585599	13.133985791367977
32	13.176423172862496	7.864439093912765	11.049405371993348	13.34844604832341
33	12.918540619268652	7.851561219974225	11.014151804025618	13.236590266492504
34	13.070856197215406	7.8453536151876895	11.037041088780027	13.300751403348167
35	13.079401127891074	7.825878669268117	11.043109999740864	13.295597592691855
36	13.123951789503936	7.798282969274934	11.062753127542507	13.356642208020729
37	13.038310939309238	7.786011797820372	11.021976227712976	13.282237679676351
38	13.16718279814822	7.783552216291656	11.062703358072358	13.35979172002769
39	13.099499175123727	7.7717993100294365	11.04687200210736	13.336151763307681
40	13.136858475903455	7.770447806823544	11.061925270369299	13.372454265186938
41	13.14741112205563	7.768218589779492	11.058407314954007	13.323645921394776
42	13.260727991449018	7.765078709301474	11.105681714708858	13.512423543613588
43	13.146651385329955	7.7524499968875356	11.075035973183297	13.403082741606365
44	13.150186782301136	7.747407990847993	11.072629023635097	13.408369415951238
45	13.245233551960526	7.742925572168384	11.081868819769696	13.467287112842687
46	13.168358413276573	7.73542212796592	11.063266365498063	13.38843924192174
47	13.126262278966507	7.725330457535974	11.056721661831316	13.355050033856122
48	13.131681746558177	7.724109485522961	11.053886204319936	13.351490414946674
49	13.156587777396664	7.707811001827899	11.048377488216326	13.357951896920984
50	13.094087101226435	7.696684067155702	11.045935589843491	13.349266156387097
51	13.200007108552517	7.693976781821366	11.065922391525383	13.448448882410867
52	13.145036241260946	7.6879513479621835	11.040520687135801	13.36004249169509
53	13.261361307260406	7.6879513479621835	11.061427063936026	13.412786669702434
54	13.137251100653673	7.680337770247369	11.054467265226215	13.358616744983792
55	13.221372335482718	7.66631666882557	11.070914629171442	13.4549509300855
56	13.219384121405268	7.6623447282613615	11.06568579361504	13.39704291252823
57	13.313280516881038	7.651579773594792	11.084530891448475	13.510426691598399
58	13.314611620266493	7.651579773594792	11.082401229591202	13.487421221342524
59	13.25719384393049	7.650527950474585	11.069651955233414	13.427042353832693
60	13.295369491313851	7.649051996389756	11.093784895961821	13.518877005436638
61	13.320608675060384	7.639322704055447	11.111395955037027	13.60651530699179
62	13.21105901142458	7.634200212997427	11.084926703322072	13.437482061796338
63	13.415689144121824	7.634200212997427	11.124747005458447	13.635243212861253
64	13.27929688878765	7.624599718157302	11.09203089370395	13.439812090698027
65	13.353892222158327	7.616698211346603	11.124379137989964	13.5681395006821
66	13.290023496175404	7.61391524946541	11.121634607835338	13.572839844423353
67	13.329883145909328	7.60680001101516	11.127873165319636	13.609157903427468
68	13.336630345922915	7.595312465321873	11.13793343802315	13.641482696790664
69	13.304742718678458	7.591388978272608	11.129407296803736	13.577484255497279
70	13.378304439206618	7.588405061034764	11.143543544844318	13.646997441673616
71	13.283951539233788	7.581856782519027	11.129254787226207	13.526073074013313
72	13.371805882516137	7.581094165614926	11.14065143102681	13.563155566534519
73	13.248848230103924	7.5807518104368254	11.123212825097582	13.484865727722866
74	13.255413198739685	7.565048774562037	11.11994661462096	13.46612188727603
75	13.364745522657358	7.565048774562037	11.14476547850532	13.602191598179063
76	13.284417864285135	7.565048774562037	11.134092731641713	13.483497871026314
77	13.334130541824916	7.565048774562037	11.141264236421396	13.492954598317873
78	13.304815219318302	7.564720489518316	11.144415882561526	13.470746008479281
79	13.179396240151856	7.564205327969404	11.137884118129433	13.442748802155263
80	13.359720829585614	7.562616386482856	11.158534482450161	13.613718741964675
81	13.274348236544865	7.560545260258262	11.145490800543767	13.522539072438496
82	13.455296032567237	7.560545260258262	11.165148242878965	13.632445278408998
83	13.25650376638716	7.559733411637152	11.14774906479523	13.508253945443276
84	13.269967341245295	7.559733411637152	11.14299451231705	13.480159435980061
85	13.388330762570193	7.559733411637152	11.168490029465525	13.60283472237331
86	13.4188775327374	7.559733411637152	11.17603393490366	13.595597231007375
87	13.362257409786658	7.559161873656636	11.17744793946964	13.573667132249186
88	13.38408988979993	7.559161873656636	11.181453120412431	13.59455028337796
89	13.380096238676051	7.556751217448412	11.183686136467925	13.59297962740206
90	13.310847428369001	7.556302977465184	11.181918465071716	13.55041211328858
91	13.170638030500804	7.553693915478265	11.164395413614587	13.480941562828313
92	13.3507120291126	7.553693915478265	11.175750100685793	13.591051841224717
93	13.31020281058916	7.553012900600851	11.170280767381884	13.515480263146316
94	13.421796065152193	7.551551590530702	11.18995668044218	13.666943604566226
95	13.197347767586852	7.550447330716666	11.16695503136437	13.493832739136902
96	13.348172675540841	7.550447330716666	11.1736093690954	13.508962934293082
97	13.187065089261779	7.548836841923368	11.16300221040197	13.456342962791668
98	13.336808387372882	7.545765020568631	11.173027946114765	13.542780627322715
99	13.33476184186324	7.545765020568631	11.173161064247443	13.53958289933031
100	13.409412627480862	7.545765020568631	11.18381838718715	13.63722636961712
